interval,output,model_id,model_label,model_theory,model_colour,timbre_label
0,117.37064632756146,MaMi.CoDi,mami.codi.m.1.t.2.h.0.l.-2.r.350,periodicity,#664433,Bonang
0.015015015015015015,117.28766960014399,MaMi.CoDi,mami.codi.m.1.t.2.h.0.l.-2.r.350,periodicity,#664433,Bonang
0.03003003003003003,117.21001516363133,MaMi.CoDi,mami.codi.m.1.t.2.h.0.l.-2.r.350,periodicity,#664433,Bonang
0.04504504504504504,117.13796255176459,MaMi.CoDi,mami.codi.m.1.t.2.h.0.l.-2.r.350,periodicity,#664433,Bonang
0.06006006006006006,117.0717751908984,MaMi.CoDi,mami.codi.m.1.t.2.h.0.l.-2.r.350,periodicity,#664433,Bonang
0.07507507507507508,117.01169626203355,MaMi.CoDi,mami.codi.m.1.t.2.h.0.l.-2.r.350,periodicity,#664433,Bonang
0.09009009009009009,116.95794447697338,MaMi.CoDi,mami.codi.m.1.t.2.h.0.l.-2.r.350,periodicity,#664433,Bonang
0.10510510510510511,116.91070988295331,MaMi.CoDi,mami.codi.m.1.t.2.h.0.l.-2.r.350,periodicity,#664433,Bonang
0.12012012012012012,116.87014983263857,MaMi.CoDi,mami.codi.m.1.t.2.h.0.l.-2.r.350,periodicity,#664433,Bonang
0.13513513513513514,116.83638527718925,MaMi.CoDi,mami.codi.m.1.t.2.h.0.l.-2.r.350,periodicity,#664433,Bonang
0.15015015015015015,116.8094975573331,MaMi.CoDi,mami.codi.m.1.t.2.h.0.l.-2.r.350,periodicity,#664433,Bonang
0.16516516516516516,116.78952587898901,MaMi.CoDi,mami.codi.m.1.t.2.h.0.l.-2.r.350,periodicity,#664433,Bonang
0.18018018018018017,116.7764656636889,MaMi.CoDi,mami.codi.m.1.t.2.h.0.l.-2.r.350,periodicity,#664433,Bonang
0.19519519519519518,116.77026795762335,MaMi.CoDi,mami.codi.m.1.t.2.h.0.l.-2.r.350,periodicity,#664433,Bonang
0.21021021021021022,116.77084006452512,MaMi.CoDi,mami.codi.m.1.t.2.h.0.l.-2.r.350,periodicity,#664433,Bonang
0.22522522522522523,116.77804753523839,MaMi.CoDi,mami.codi.m.1.t.2.h.0.l.-2.r.350,periodicity,#664433,Bonang
0.24024024024024024,116.79171759983699,MaMi.CoDi,mami.codi.m.1.t.2.h.0.l.-2.r.350,periodicity,#664433,Bonang
0.2552552552552553,116.81164406672049,MaMi.CoDi,mami.codi.m.1.t.2.h.0.l.-2.r.350,periodicity,#664433,Bonang
0.2702702702702703,116.83759363862788,MaMi.CoDi,mami.codi.m.1.t.2.h.0.l.-2.r.350,periodicity,#664433,Bonang
0.2852852852852853,116.86931351077502,MaMi.CoDi,mami.codi.m.1.t.2.h.0.l.-2.r.350,periodicity,#664433,Bonang
0.3003003003003003,116.90654002558286,MaMi.CoDi,mami.codi.m.1.t.2.h.0.l.-2.r.350,periodicity,#664433,Bonang
0.3153153153153153,116.94900806729302,MaMi.CoDi,mami.codi.m.1.t.2.h.0.l.-2.r.350,periodicity,#664433,Bonang
0.3303303303303303,116.99646079476821,MaMi.CoDi,mami.codi.m.1.t.2.h.0.l.-2.r.350,periodicity,#664433,Bonang
0.34534534534534533,117.04865923913847,MaMi.CoDi,mami.codi.m.1.t.2.h.0.l.-2.r.350,periodicity,#664433,Bonang
0.36036036036036034,117.10539124187311,MaMi.CoDi,mami.codi.m.1.t.2.h.0.l.-2.r.350,periodicity,#664433,Bonang
0.37537537537537535,117.16647918478844,MaMi.CoDi,mami.codi.m.1.t.2.h.0.l.-2.r.350,periodicity,#664433,Bonang
0.39039039039039036,117.23178597155339,MaMi.CoDi,mami.codi.m.1.t.2.h.0.l.-2.r.350,periodicity,#664433,Bonang
0.40540540540540543,117.30121876345072,MaMi.CoDi,mami.codi.m.1.t.2.h.0.l.-2.r.350,periodicity,#664433,Bonang
0.42042042042042044,117.37473005104782,MaMi.CoDi,mami.codi.m.1.t.2.h.0.l.-2.r.350,periodicity,#664433,Bonang
0.43543543543543545,117.45231575578416,MaMi.CoDi,mami.codi.m.1.t.2.h.0.l.-2.r.350,periodicity,#664433,Bonang
0.45045045045045046,117.53401019631849,MaMi.CoDi,mami.codi.m.1.t.2.h.0.l.-2.r.350,periodicity,#664433,Bonang
0.46546546546546547,117.61987791633842,MaMi.CoDi,mami.codi.m.1.t.2.h.0.l.-2.r.350,periodicity,#664433,Bonang
0.4804804804804805,117.71000254402276,MaMi.CoDi,mami.codi.m.1.t.2.h.0.l.-2.r.350,periodicity,#664433,Bonang
0.4954954954954955,117.80447302786578,MaMi.CoDi,mami.codi.m.1.t.2.h.0.l.-2.r.350,periodicity,#664433,Bonang
0.5105105105105106,117.90336775811494,MaMi.CoDi,mami.codi.m.1.t.2.h.0.l.-2.r.350,periodicity,#664433,Bonang
0.5255255255255256,118.0067372271004,MaMi.CoDi,mami.codi.m.1.t.2.h.0.l.-2.r.350,periodicity,#664433,Bonang
0.5405405405405406,118.11458599593094,MaMi.CoDi,mami.codi.m.1.t.2.h.0.l.-2.r.350,periodicity,#664433,Bonang
0.5555555555555556,118.226854811951,MaMi.CoDi,mami.codi.m.1.t.2.h.0.l.-2.r.350,periodicity,#664433,Bonang
0.5705705705705706,118.3434037558742,MaMi.CoDi,mami.codi.m.1.t.2.h.0.l.-2.r.350,periodicity,#664433,Bonang
0.5855855855855856,118.46399728709261,MaMi.CoDi,mami.codi.m.1.t.2.h.0.l.-2.r.350,periodicity,#664433,Bonang
0.6006006006006006,118.5882920004093,MaMi.CoDi,mami.codi.m.1.t.2.h.0.l.-2.r.350,periodicity,#664433,Bonang
0.6156156156156156,118.71582780999475,MaMi.CoDi,mami.codi.m.1.t.2.h.0.l.-2.r.350,periodicity,#664433,Bonang
0.6306306306306306,118.84602314161079,MaMi.CoDi,mami.codi.m.1.t.2.h.0.l.-2.r.350,periodicity,#664433,Bonang
0.6456456456456456,118.9781745489176,MaMi.CoDi,mami.codi.m.1.t.2.h.0.l.-2.r.350,periodicity,#664433,Bonang
0.6606606606606606,119.11146098224108,MaMi.CoDi,mami.codi.m.1.t.2.h.0.l.-2.r.350,periodicity,#664433,Bonang
0.6756756756756757,119.24495273784694,MaMi.CoDi,mami.codi.m.1.t.2.h.0.l.-2.r.350,periodicity,#664433,Bonang
0.6906906906906907,119.37762491232017,MaMi.CoDi,mami.codi.m.1.t.2.h.0.l.-2.r.350,periodicity,#664433,Bonang
0.7057057057057057,119.50837498994417,MaMi.CoDi,mami.codi.m.1.t.2.h.0.l.-2.r.350,periodicity,#664433,Bonang
0.7207207207207207,119.63604401036784,MaMi.CoDi,mami.codi.m.1.t.2.h.0.l.-2.r.350,periodicity,#664433,Bonang
0.7357357357357357,119.75944060786999,MaMi.CoDi,mami.codi.m.1.t.2.h.0.l.-2.r.350,periodicity,#664433,Bonang
0.7507507507507507,119.87736708940947,MaMi.CoDi,mami.codi.m.1.t.2.h.0.l.-2.r.350,periodicity,#664433,Bonang
0.7657657657657657,119.98864663201856,MaMi.CoDi,mami.codi.m.1.t.2.h.0.l.-2.r.350,periodicity,#664433,Bonang
0.7807807807807807,120.09215063474272,MaMi.CoDi,mami.codi.m.1.t.2.h.0.l.-2.r.350,periodicity,#664433,Bonang
0.7957957957957957,120.18682525797963,MaMi.CoDi,mami.codi.m.1.t.2.h.0.l.-2.r.350,periodicity,#664433,Bonang
0.8108108108108109,120.27171622336694,MaMi.CoDi,mami.codi.m.1.t.2.h.0.l.-2.r.350,periodicity,#664433,Bonang
0.8258258258258259,120.34599102783497,MaMi.CoDi,mami.codi.m.1.t.2.h.0.l.-2.r.350,periodicity,#664433,Bonang
0.8408408408408409,120.4089578416643,MaMi.CoDi,mami.codi.m.1.t.2.h.0.l.-2.r.350,periodicity,#664433,Bonang
0.8558558558558559,120.46008050623139,MaMi.CoDi,mami.codi.m.1.t.2.h.0.l.-2.r.350,periodicity,#664433,Bonang
0.8708708708708709,120.49898921502368,MaMi.CoDi,mami.codi.m.1.t.2.h.0.l.-2.r.350,periodicity,#664433,Bonang
0.8858858858858859,120.52548664295516,MaMi.CoDi,mami.codi.m.1.t.2.h.0.l.-2.r.350,periodicity,#664433,Bonang
0.9009009009009009,120.53954947491133,MaMi.CoDi,mami.codi.m.1.t.2.h.0.l.-2.r.350,periodicity,#664433,Bonang
0.9159159159159159,120.54132546572112,MaMi.CoDi,mami.codi.m.1.t.2.h.0.l.-2.r.350,periodicity,#664433,Bonang
0.9309309309309309,120.53112633170524,MaMi.CoDi,mami.codi.m.1.t.2.h.0.l.-2.r.350,periodicity,#664433,Bonang
0.9459459459459459,120.509416920873,MaMi.CoDi,mami.codi.m.1.t.2.h.0.l.-2.r.350,periodicity,#664433,Bonang
0.960960960960961,120.47680122829,MaMi.CoDi,mami.codi.m.1.t.2.h.0.l.-2.r.350,periodicity,#664433,Bonang
0.975975975975976,120.43400591039848,MaMi.CoDi,mami.codi.m.1.t.2.h.0.l.-2.r.350,periodicity,#664433,Bonang
0.990990990990991,120.381862004232,MaMi.CoDi,mami.codi.m.1.t.2.h.0.l.-2.r.350,periodicity,#664433,Bonang
1.006006006006006,120.32128557370389,MaMi.CoDi,mami.codi.m.1.t.2.h.0.l.-2.r.350,periodicity,#664433,Bonang
1.021021021021021,120.25325798655653,MaMi.CoDi,mami.codi.m.1.t.2.h.0.l.-2.r.350,periodicity,#664433,Bonang
1.0360360360360361,120.17880647516911,MaMi.CoDi,mami.codi.m.1.t.2.h.0.l.-2.r.350,periodicity,#664433,Bonang
1.0510510510510511,120.09898555684168,MaMi.CoDi,mami.codi.m.1.t.2.h.0.l.-2.r.350,periodicity,#664433,Bonang
1.0660660660660661,120.01485979035246,MaMi.CoDi,mami.codi.m.1.t.2.h.0.l.-2.r.350,periodicity,#664433,Bonang
1.0810810810810811,119.92748823235324,MaMi.CoDi,mami.codi.m.1.t.2.h.0.l.-2.r.350,periodicity,#664433,Bonang
1.0960960960960962,119.83791083680835,MaMi.CoDi,mami.codi.m.1.t.2.h.0.l.-2.r.350,periodicity,#664433,Bonang
1.1111111111111112,119.74713692047085,MaMi.CoDi,mami.codi.m.1.t.2.h.0.l.-2.r.350,periodicity,#664433,Bonang
1.1261261261261262,119.65613570415064,MaMi.CoDi,mami.codi.m.1.t.2.h.0.l.-2.r.350,periodicity,#664433,Bonang
1.1411411411411412,119.56582883922509,MaMi.CoDi,mami.codi.m.1.t.2.h.0.l.-2.r.350,periodicity,#664433,Bonang
1.1561561561561562,119.47708474624869,MaMi.CoDi,mami.codi.m.1.t.2.h.0.l.-2.r.350,periodicity,#664433,Bonang
1.1711711711711712,119.39071453100004,MaMi.CoDi,mami.codi.m.1.t.2.h.0.l.-2.r.350,periodicity,#664433,Bonang
1.1861861861861862,119.30746920463817,MaMi.CoDi,mami.codi.m.1.t.2.h.0.l.-2.r.350,periodicity,#664433,Bonang
1.2012012012012012,119.22803791903617,MaMi.CoDi,mami.codi.m.1.t.2.h.0.l.-2.r.350,periodicity,#664433,Bonang
1.2162162162162162,119.15304693452276,MaMi.CoDi,mami.codi.m.1.t.2.h.0.l.-2.r.350,periodicity,#664433,Bonang
1.2312312312312312,119.08305906254054,MaMi.CoDi,mami.codi.m.1.t.2.h.0.l.-2.r.350,periodicity,#664433,Bonang
1.2462462462462462,119.01857336643808,MaMi.CoDi,mami.codi.m.1.t.2.h.0.l.-2.r.350,periodicity,#664433,Bonang
1.2612612612612613,118.96002495529595,MaMi.CoDi,mami.codi.m.1.t.2.h.0.l.-2.r.350,periodicity,#664433,Bonang
1.2762762762762763,118.90778476349053,MaMi.CoDi,mami.codi.m.1.t.2.h.0.l.-2.r.350,periodicity,#664433,Bonang
1.2912912912912913,118.8621592677481,MaMi.CoDi,mami.codi.m.1.t.2.h.0.l.-2.r.350,periodicity,#664433,Bonang
1.3063063063063063,118.82339014915334,MaMi.CoDi,mami.codi.m.1.t.2.h.0.l.-2.r.350,periodicity,#664433,Bonang
1.3213213213213213,118.79165395596388,MaMi.CoDi,mami.codi.m.1.t.2.h.0.l.-2.r.350,periodicity,#664433,Bonang
1.3363363363363363,118.76706186101899,MaMi.CoDi,mami.codi.m.1.t.2.h.0.l.-2.r.350,periodicity,#664433,Bonang
1.3513513513513513,118.74965963285705,MaMi.CoDi,mami.codi.m.1.t.2.h.0.l.-2.r.350,periodicity,#664433,Bonang
1.3663663663663663,118.73942795131377,MaMi.CoDi,mami.codi.m.1.t.2.h.0.l.-2.r.350,periodicity,#664433,Bonang
1.3813813813813813,118.73628319634484,MaMi.CoDi,mami.codi.m.1.t.2.h.0.l.-2.r.350,periodicity,#664433,Bonang
1.3963963963963963,118.74007882410002,MaMi.CoDi,mami.codi.m.1.t.2.h.0.l.-2.r.350,periodicity,#664433,Bonang
1.4114114114114114,118.75060741867587,MaMi.CoDi,mami.codi.m.1.t.2.h.0.l.-2.r.350,periodicity,#664433,Bonang
1.4264264264264264,118.7676034739734,MaMi.CoDi,mami.codi.m.1.t.2.h.0.l.-2.r.350,periodicity,#664433,Bonang
1.4414414414414414,118.79074692056568,MaMi.CoDi,mami.codi.m.1.t.2.h.0.l.-2.r.350,periodicity,#664433,Bonang
1.4564564564564564,118.81966737053223,MaMi.CoDi,mami.codi.m.1.t.2.h.0.l.-2.r.350,periodicity,#664433,Bonang
1.4714714714714714,118.85394901189711,MaMi.CoDi,mami.codi.m.1.t.2.h.0.l.-2.r.350,periodicity,#664433,Bonang
1.4864864864864864,118.89313604644508,MaMi.CoDi,mami.codi.m.1.t.2.h.0.l.-2.r.350,periodicity,#664433,Bonang
1.5015015015015014,118.93673853275678,MaMi.CoDi,mami.codi.m.1.t.2.h.0.l.-2.r.350,periodicity,#664433,Bonang
1.5165165165165164,118.98423847223651,MaMi.CoDi,mami.codi.m.1.t.2.h.0.l.-2.r.350,periodicity,#664433,Bonang
1.5315315315315314,119.03509596113278,MaMi.CoDi,mami.codi.m.1.t.2.h.0.l.-2.r.350,periodicity,#664433,Bonang
1.5465465465465464,119.08875522686157,MaMi.CoDi,mami.codi.m.1.t.2.h.0.l.-2.r.350,periodicity,#664433,Bonang
1.5615615615615615,119.14465037260248,MaMi.CoDi,mami.codi.m.1.t.2.h.0.l.-2.r.350,periodicity,#664433,Bonang
1.5765765765765765,119.20221066985273,MaMi.CoDi,mami.codi.m.1.t.2.h.0.l.-2.r.350,periodicity,#664433,Bonang
1.5915915915915915,119.26086526363426,MaMi.CoDi,mami.codi.m.1.t.2.h.0.l.-2.r.350,periodicity,#664433,Bonang
1.6066066066066067,119.32004718820943,MaMi.CoDi,mami.codi.m.1.t.2.h.0.l.-2.r.350,periodicity,#664433,Bonang
1.6216216216216217,119.3791966309467,MaMi.CoDi,mami.codi.m.1.t.2.h.0.l.-2.r.350,periodicity,#664433,Bonang
1.6366366366366367,119.43776342662166,MaMi.CoDi,mami.codi.m.1.t.2.h.0.l.-2.r.350,periodicity,#664433,Bonang
1.6516516516516517,119.49520881191447,MaMi.CoDi,mami.codi.m.1.t.2.h.0.l.-2.r.350,periodicity,#664433,Bonang
1.6666666666666667,119.55100651796626,MaMi.CoDi,mami.codi.m.1.t.2.h.0.l.-2.r.350,periodicity,#664433,Bonang
1.6816816816816818,119.60464332523613,MaMi.CoDi,mami.codi.m.1.t.2.h.0.l.-2.r.350,periodicity,#664433,Bonang
1.6966966966966968,119.65561924711008,MaMi.CoDi,mami.codi.m.1.t.2.h.0.l.-2.r.350,periodicity,#664433,Bonang
1.7117117117117118,119.7034475442647,MaMi.CoDi,mami.codi.m.1.t.2.h.0.l.-2.r.350,periodicity,#664433,Bonang
1.7267267267267268,119.74765479825679,MaMi.CoDi,mami.codi.m.1.t.2.h.0.l.-2.r.350,periodicity,#664433,Bonang
1.7417417417417418,119.78778128790964,MaMi.CoDi,mami.codi.m.1.t.2.h.0.l.-2.r.350,periodicity,#664433,Bonang
1.7567567567567568,119.82338191381199,MaMi.CoDi,mami.codi.m.1.t.2.h.0.l.-2.r.350,periodicity,#664433,Bonang
1.7717717717717718,119.8540279030928,MaMi.CoDi,mami.codi.m.1.t.2.h.0.l.-2.r.350,periodicity,#664433,Bonang
1.7867867867867868,119.87930949764554,MaMi.CoDi,mami.codi.m.1.t.2.h.0.l.-2.r.350,periodicity,#664433,Bonang
1.8018018018018018,119.89883978399875,MaMi.CoDi,mami.codi.m.1.t.2.h.0.l.-2.r.350,periodicity,#664433,Bonang
1.8168168168168168,119.91225976282045,MaMi.CoDi,mami.codi.m.1.t.2.h.0.l.-2.r.350,periodicity,#664433,Bonang
1.8318318318318318,119.91924468239665,MaMi.CoDi,mami.codi.m.1.t.2.h.0.l.-2.r.350,periodicity,#664433,Bonang
1.8468468468468469,119.91951157619528,MaMi.CoDi,mami.codi.m.1.t.2.h.0.l.-2.r.350,periodicity,#664433,Bonang
1.8618618618618619,119.91282785370957,MaMi.CoDi,mami.codi.m.1.t.2.h.0.l.-2.r.350,periodicity,#664433,Bonang
1.8768768768768769,119.89902070099347,MaMi.CoDi,mami.codi.m.1.t.2.h.0.l.-2.r.350,periodicity,#664433,Bonang
1.8918918918918919,119.87798695815869,MaMi.CoDi,mami.codi.m.1.t.2.h.0.l.-2.r.350,periodicity,#664433,Bonang
1.906906906906907,119.84970306153024,MaMi.CoDi,mami.codi.m.1.t.2.h.0.l.-2.r.350,periodicity,#664433,Bonang
1.921921921921922,119.81423457409528,MaMi.CoDi,mami.codi.m.1.t.2.h.0.l.-2.r.350,periodicity,#664433,Bonang
1.936936936936937,119.7717447848526,MaMi.CoDi,mami.codi.m.1.t.2.h.0.l.-2.r.350,periodicity,#664433,Bonang
1.951951951951952,119.72250184039562,MaMi.CoDi,mami.codi.m.1.t.2.h.0.l.-2.r.350,periodicity,#664433,Bonang
1.966966966966967,119.66688388392383,MaMi.CoDi,mami.codi.m.1.t.2.h.0.l.-2.r.350,periodicity,#664433,Bonang
1.981981981981982,119.60538171966708,MaMi.CoDi,mami.codi.m.1.t.2.h.0.l.-2.r.350,periodicity,#664433,Bonang
1.996996996996997,119.53859859426238,MaMi.CoDi,mami.codi.m.1.t.2.h.0.l.-2.r.350,periodicity,#664433,Bonang
2.012012012012012,119.4672467887413,MaMi.CoDi,mami.codi.m.1.t.2.h.0.l.-2.r.350,periodicity,#664433,Bonang
2.027027027027027,119.39214084119995,MaMi.CoDi,mami.codi.m.1.t.2.h.0.l.-2.r.350,periodicity,#664433,Bonang
2.042042042042042,119.31418736480263,MaMi.CoDi,mami.codi.m.1.t.2.h.0.l.-2.r.350,periodicity,#664433,Bonang
2.057057057057057,119.23437158081711,MaMi.CoDi,mami.codi.m.1.t.2.h.0.l.-2.r.350,periodicity,#664433,Bonang
2.0720720720720722,119.15374084314593,MaMi.CoDi,mami.codi.m.1.t.2.h.0.l.-2.r.350,periodicity,#664433,Bonang
2.0870870870870872,119.07338558005574,MaMi.CoDi,mami.codi.m.1.t.2.h.0.l.-2.r.350,periodicity,#664433,Bonang
2.1021021021021022,118.99441821143078,MaMi.CoDi,mami.codi.m.1.t.2.h.0.l.-2.r.350,periodicity,#664433,Bonang
2.1171171171171173,118.91795070762788,MaMi.CoDi,mami.codi.m.1.t.2.h.0.l.-2.r.350,periodicity,#664433,Bonang
2.1321321321321323,118.84507153206984,MaMi.CoDi,mami.codi.m.1.t.2.h.0.l.-2.r.350,periodicity,#664433,Bonang
2.1471471471471473,118.77682274923109,MaMi.CoDi,mami.codi.m.1.t.2.h.0.l.-2.r.350,periodicity,#664433,Bonang
2.1621621621621623,118.71417808012848,MaMi.CoDi,mami.codi.m.1.t.2.h.0.l.-2.r.350,periodicity,#664433,Bonang
2.1771771771771773,118.65802264886995,MaMi.CoDi,mami.codi.m.1.t.2.h.0.l.-2.r.350,periodicity,#664433,Bonang
2.1921921921921923,118.60913508881497,MaMi.CoDi,mami.codi.m.1.t.2.h.0.l.-2.r.350,periodicity,#664433,Bonang
2.2072072072072073,118.5681725703824,MaMi.CoDi,mami.codi.m.1.t.2.h.0.l.-2.r.350,periodicity,#664433,Bonang
2.2222222222222223,118.53565918139469,MaMi.CoDi,mami.codi.m.1.t.2.h.0.l.-2.r.350,periodicity,#664433,Bonang
2.2372372372372373,118.51197794339147,MaMi.CoDi,mami.codi.m.1.t.2.h.0.l.-2.r.350,periodicity,#664433,Bonang
2.2522522522522523,118.49736659267037,MaMi.CoDi,mami.codi.m.1.t.2.h.0.l.-2.r.350,periodicity,#664433,Bonang
2.2672672672672673,118.49191710210864,MaMi.CoDi,mami.codi.m.1.t.2.h.0.l.-2.r.350,periodicity,#664433,Bonang
2.2822822822822824,118.49557877770022,MaMi.CoDi,mami.codi.m.1.t.2.h.0.l.-2.r.350,periodicity,#664433,Bonang
2.2972972972972974,118.50816463959605,MaMi.CoDi,mami.codi.m.1.t.2.h.0.l.-2.r.350,periodicity,#664433,Bonang
2.3123123123123124,118.52936069698086,MaMi.CoDi,mami.codi.m.1.t.2.h.0.l.-2.r.350,periodicity,#664433,Bonang
2.3273273273273274,118.55873765303758,MaMi.CoDi,mami.codi.m.1.t.2.h.0.l.-2.r.350,periodicity,#664433,Bonang
2.3423423423423424,118.59576453204706,MaMi.CoDi,mami.codi.m.1.t.2.h.0.l.-2.r.350,periodicity,#664433,Bonang
2.3573573573573574,118.63982370473099,MaMi.CoDi,mami.codi.m.1.t.2.h.0.l.-2.r.350,periodicity,#664433,Bonang
2.3723723723723724,118.69022679770785,MaMi.CoDi,mami.codi.m.1.t.2.h.0.l.-2.r.350,periodicity,#664433,Bonang
2.3873873873873874,118.7462310043168,MaMi.CoDi,mami.codi.m.1.t.2.h.0.l.-2.r.350,periodicity,#664433,Bonang
2.4024024024024024,118.80705536189394,MaMi.CoDi,mami.codi.m.1.t.2.h.0.l.-2.r.350,periodicity,#664433,Bonang
2.4174174174174174,118.87189661914623,MaMi.CoDi,mami.codi.m.1.t.2.h.0.l.-2.r.350,periodicity,#664433,Bonang
2.4324324324324325,118.93994438086607,MaMi.CoDi,mami.codi.m.1.t.2.h.0.l.-2.r.350,periodicity,#664433,Bonang
2.4474474474474475,119.01039528065824,MaMi.CoDi,mami.codi.m.1.t.2.h.0.l.-2.r.350,periodicity,#664433,Bonang
2.4624624624624625,119.08246599131529,MaMi.CoDi,mami.codi.m.1.t.2.h.0.l.-2.r.350,periodicity,#664433,Bonang
2.4774774774774775,119.15540493391804,MaMi.CoDi,mami.codi.m.1.t.2.h.0.l.-2.r.350,periodicity,#664433,Bonang
2.4924924924924925,119.22850258888789,MaMi.CoDi,mami.codi.m.1.t.2.h.0.l.-2.r.350,periodicity,#664433,Bonang
2.5075075075075075,119.30110034473414,MaMi.CoDi,mami.codi.m.1.t.2.h.0.l.-2.r.350,periodicity,#664433,Bonang
2.5225225225225225,119.37259784391487,MaMi.CoDi,mami.codi.m.1.t.2.h.0.l.-2.r.350,periodicity,#664433,Bonang
2.5375375375375375,119.44245880189213,MaMi.CoDi,mami.codi.m.1.t.2.h.0.l.-2.r.350,periodicity,#664433,Bonang
2.5525525525525525,119.51021528751424,MaMi.CoDi,mami.codi.m.1.t.2.h.0.l.-2.r.350,periodicity,#664433,Bonang
2.5675675675675675,119.57547046300392,MaMi.CoDi,mami.codi.m.1.t.2.h.0.l.-2.r.350,periodicity,#664433,Bonang
2.5825825825825826,119.63789979263316,MaMi.CoDi,mami.codi.m.1.t.2.h.0.l.-2.r.350,periodicity,#664433,Bonang
2.5975975975975976,119.6972507427763,MaMi.CoDi,mami.codi.m.1.t.2.h.0.l.-2.r.350,periodicity,#664433,Bonang
2.6126126126126126,119.7533410138743,MaMi.CoDi,mami.codi.m.1.t.2.h.0.l.-2.r.350,periodicity,#664433,Bonang
2.6276276276276276,119.80605536749397,MaMi.CoDi,mami.codi.m.1.t.2.h.0.l.-2.r.350,periodicity,#664433,Bonang
2.6426426426426426,119.85534113880357,MaMi.CoDi,mami.codi.m.1.t.2.h.0.l.-2.r.350,periodicity,#664433,Bonang
2.6576576576576576,119.90120255520071,MaMi.CoDi,mami.codi.m.1.t.2.h.0.l.-2.r.350,periodicity,#664433,Bonang
2.6726726726726726,119.94369401365269,MaMi.CoDi,mami.codi.m.1.t.2.h.0.l.-2.r.350,periodicity,#664433,Bonang
2.6876876876876876,119.98291250017121,MaMi.CoDi,mami.codi.m.1.t.2.h.0.l.-2.r.350,periodicity,#664433,Bonang
2.7027027027027026,120.01898936222177,MaMi.CoDi,mami.codi.m.1.t.2.h.0.l.-2.r.350,periodicity,#664433,Bonang
2.7177177177177176,120.0520816663117,MaMi.CoDi,mami.codi.m.1.t.2.h.0.l.-2.r.350,periodicity,#664433,Bonang
2.7327327327327327,120.0823633864759,MaMi.CoDi,mami.codi.m.1.t.2.h.0.l.-2.r.350,periodicity,#664433,Bonang
2.7477477477477477,120.11001667344377,MaMi.CoDi,mami.codi.m.1.t.2.h.0.l.-2.r.350,periodicity,#664433,Bonang
2.7627627627627627,120.13522344826197,MaMi.CoDi,mami.codi.m.1.t.2.h.0.l.-2.r.350,periodicity,#664433,Bonang
2.7777777777777777,120.15815754822255,MaMi.CoDi,mami.codi.m.1.t.2.h.0.l.-2.r.350,periodicity,#664433,Bonang
2.7927927927927927,120.1789776281132,MaMi.CoDi,mami.codi.m.1.t.2.h.0.l.-2.r.350,periodicity,#664433,Bonang
2.8078078078078077,120.19782098771171,MaMi.CoDi,mami.codi.m.1.t.2.h.0.l.-2.r.350,periodicity,#664433,Bonang
2.8228228228228227,120.21479845933428,MaMi.CoDi,mami.codi.m.1.t.2.h.0.l.-2.r.350,periodicity,#664433,Bonang
2.8378378378378377,120.2299904495608,MaMi.CoDi,mami.codi.m.1.t.2.h.0.l.-2.r.350,periodicity,#664433,Bonang
2.8528528528528527,120.24344418953923,MaMi.CoDi,mami.codi.m.1.t.2.h.0.l.-2.r.350,periodicity,#664433,Bonang
2.8678678678678677,120.2551722107704,MaMi.CoDi,mami.codi.m.1.t.2.h.0.l.-2.r.350,periodicity,#664433,Bonang
2.8828828828828827,120.265152029843,MaMi.CoDi,mami.codi.m.1.t.2.h.0.l.-2.r.350,periodicity,#664433,Bonang
2.8978978978978978,120.27332699743283,MaMi.CoDi,mami.codi.m.1.t.2.h.0.l.-2.r.350,periodicity,#664433,Bonang
2.9129129129129128,120.27960824454539,MaMi.CoDi,mami.codi.m.1.t.2.h.0.l.-2.r.350,periodicity,#664433,Bonang
2.9279279279279278,120.28387764228584,MaMi.CoDi,mami.codi.m.1.t.2.h.0.l.-2.r.350,periodicity,#664433,Bonang
2.942942942942943,120.28599167960101,MaMi.CoDi,mami.codi.m.1.t.2.h.0.l.-2.r.350,periodicity,#664433,Bonang
2.957957957957958,120.28578615521033,MaMi.CoDi,mami.codi.m.1.t.2.h.0.l.-2.r.350,periodicity,#664433,Bonang
2.972972972972973,120.28308157379146,MaMi.CoDi,mami.codi.m.1.t.2.h.0.l.-2.r.350,periodicity,#664433,Bonang
2.987987987987988,120.27768913088826,MaMi.CoDi,mami.codi.m.1.t.2.h.0.l.-2.r.350,periodicity,#664433,Bonang
3.003003003003003,120.26941716459638,MaMi.CoDi,mami.codi.m.1.t.2.h.0.l.-2.r.350,periodicity,#664433,Bonang
3.018018018018018,120.2580779439436,MaMi.CoDi,mami.codi.m.1.t.2.h.0.l.-2.r.350,periodicity,#664433,Bonang
3.033033033033033,120.24349465364064,MaMi.CoDi,mami.codi.m.1.t.2.h.0.l.-2.r.350,periodicity,#664433,Bonang
3.048048048048048,120.22550842283316,MaMi.CoDi,mami.codi.m.1.t.2.h.0.l.-2.r.350,periodicity,#664433,Bonang
3.063063063063063,120.20398523256881,MaMi.CoDi,mami.codi.m.1.t.2.h.0.l.-2.r.350,periodicity,#664433,Bonang
3.078078078078078,120.17882252444886,MaMi.CoDi,mami.codi.m.1.t.2.h.0.l.-2.r.350,periodicity,#664433,Bonang
3.093093093093093,120.14995532328894,MaMi.CoDi,mami.codi.m.1.t.2.h.0.l.-2.r.350,periodicity,#664433,Bonang
3.108108108108108,120.11736168173105,MaMi.CoDi,mami.codi.m.1.t.2.h.0.l.-2.r.350,periodicity,#664433,Bonang
3.123123123123123,120.08106725672047,MaMi.CoDi,mami.codi.m.1.t.2.h.0.l.-2.r.350,periodicity,#664433,Bonang
3.138138138138138,120.0411488383812,MaMi.CoDi,mami.codi.m.1.t.2.h.0.l.-2.r.350,periodicity,#664433,Bonang
3.153153153153153,119.99773667230387,MaMi.CoDi,mami.codi.m.1.t.2.h.0.l.-2.r.350,periodicity,#664433,Bonang
3.168168168168168,119.95101544707089,MaMi.CoDi,mami.codi.m.1.t.2.h.0.l.-2.r.350,periodicity,#664433,Bonang
3.183183183183183,119.90122385954521,MaMi.CoDi,mami.codi.m.1.t.2.h.0.l.-2.r.350,periodicity,#664433,Bonang
3.198198198198198,119.848652719666,MaMi.CoDi,mami.codi.m.1.t.2.h.0.l.-2.r.350,periodicity,#664433,Bonang
3.2132132132132134,119.7936416119584,MaMi.CoDi,mami.codi.m.1.t.2.h.0.l.-2.r.350,periodicity,#664433,Bonang
3.2282282282282284,119.73657418964538,MaMi.CoDi,mami.codi.m.1.t.2.h.0.l.-2.r.350,periodicity,#664433,Bonang
3.2432432432432434,119.6778722355873,MaMi.CoDi,mami.codi.m.1.t.2.h.0.l.-2.r.350,periodicity,#664433,Bonang
3.2582582582582584,119.61798867843615,MaMi.CoDi,mami.codi.m.1.t.2.h.0.l.-2.r.350,periodicity,#664433,Bonang
3.2732732732732734,119.55739979861885,MaMi.CoDi,mami.codi.m.1.t.2.h.0.l.-2.r.350,periodicity,#664433,Bonang
3.2882882882882885,119.49659689366959,MaMi.CoDi,mami.codi.m.1.t.2.h.0.l.-2.r.350,periodicity,#664433,Bonang
3.3033033033033035,119.4360776933168,MaMi.CoDi,mami.codi.m.1.t.2.h.0.l.-2.r.350,periodicity,#664433,Bonang
3.3183183183183185,119.37633781983033,MaMi.CoDi,mami.codi.m.1.t.2.h.0.l.-2.r.350,periodicity,#664433,Bonang
3.3333333333333335,119.31786257780001,MaMi.CoDi,mami.codi.m.1.t.2.h.0.l.-2.r.350,periodicity,#664433,Bonang
3.3483483483483485,119.26111933029189,MaMi.CoDi,mami.codi.m.1.t.2.h.0.l.-2.r.350,periodicity,#664433,Bonang
3.3633633633633635,119.20655067695375,MaMi.CoDi,mami.codi.m.1.t.2.h.0.l.-2.r.350,periodicity,#664433,Bonang
3.3783783783783785,119.15456859691578,MaMi.CoDi,mami.codi.m.1.t.2.h.0.l.-2.r.350,periodicity,#664433,Bonang
3.3933933933933935,119.1055496589507,MaMi.CoDi,mami.codi.m.1.t.2.h.0.l.-2.r.350,periodicity,#664433,Bonang
3.4084084084084085,119.05983133756828,MaMi.CoDi,mami.codi.m.1.t.2.h.0.l.-2.r.350,periodicity,#664433,Bonang
3.4234234234234235,119.01770941109018,MaMi.CoDi,mami.codi.m.1.t.2.h.0.l.-2.r.350,periodicity,#664433,Bonang
3.4384384384384385,118.9794363607043,MaMi.CoDi,mami.codi.m.1.t.2.h.0.l.-2.r.350,periodicity,#664433,Bonang
3.4534534534534536,118.94522064206495,MaMi.CoDi,mami.codi.m.1.t.2.h.0.l.-2.r.350,periodicity,#664433,Bonang
3.4684684684684686,118.91522666644461,MaMi.CoDi,mami.codi.m.1.t.2.h.0.l.-2.r.350,periodicity,#664433,Bonang
3.4834834834834836,118.8895753090069,MaMi.CoDi,mami.codi.m.1.t.2.h.0.l.-2.r.350,periodicity,#664433,Bonang
3.4984984984984986,118.86834475855142,MaMi.CoDi,mami.codi.m.1.t.2.h.0.l.-2.r.350,periodicity,#664433,Bonang
3.5135135135135136,118.85157153586013,MaMi.CoDi,mami.codi.m.1.t.2.h.0.l.-2.r.350,periodicity,#664433,Bonang
3.5285285285285286,118.83925153514974,MaMi.CoDi,mami.codi.m.1.t.2.h.0.l.-2.r.350,periodicity,#664433,Bonang
3.5435435435435436,118.8313409824975,MaMi.CoDi,mami.codi.m.1.t.2.h.0.l.-2.r.350,periodicity,#664433,Bonang
3.5585585585585586,118.8277572529856,MaMi.CoDi,mami.codi.m.1.t.2.h.0.l.-2.r.350,periodicity,#664433,Bonang
3.5735735735735736,118.82837954053058,MaMi.CoDi,mami.codi.m.1.t.2.h.0.l.-2.r.350,periodicity,#664433,Bonang
3.5885885885885886,118.8330494264513,MaMi.CoDi,mami.codi.m.1.t.2.h.0.l.-2.r.350,periodicity,#664433,Bonang
3.6036036036036037,118.8415714403344,MaMi.CoDi,mami.codi.m.1.t.2.h.0.l.-2.r.350,periodicity,#664433,Bonang
3.6186186186186187,118.85371374558558,MaMi.CoDi,mami.codi.m.1.t.2.h.0.l.-2.r.350,periodicity,#664433,Bonang
3.6336336336336337,118.86920910882067,MaMi.CoDi,mami.codi.m.1.t.2.h.0.l.-2.r.350,periodicity,#664433,Bonang
3.6486486486486487,118.88775632451348,MaMi.CoDi,mami.codi.m.1.t.2.h.0.l.-2.r.350,periodicity,#664433,Bonang
3.6636636636636637,118.90902226275988,MaMi.CoDi,mami.codi.m.1.t.2.h.0.l.-2.r.350,periodicity,#664433,Bonang
3.6786786786786787,118.93264468857981,MaMi.CoDi,mami.codi.m.1.t.2.h.0.l.-2.r.350,periodicity,#664433,Bonang
3.6936936936936937,118.95823596700305,MaMi.CoDi,mami.codi.m.1.t.2.h.0.l.-2.r.350,periodicity,#664433,Bonang
3.7087087087087087,118.98538772155824,MaMi.CoDi,mami.codi.m.1.t.2.h.0.l.-2.r.350,periodicity,#664433,Bonang
3.7237237237237237,119.01367645794657,MaMi.CoDi,mami.codi.m.1.t.2.h.0.l.-2.r.350,periodicity,#664433,Bonang
3.7387387387387387,119.04267010354187,MaMi.CoDi,mami.codi.m.1.t.2.h.0.l.-2.r.350,periodicity,#664433,Bonang
3.7537537537537538,119.07193535123614,MaMi.CoDi,mami.codi.m.1.t.2.h.0.l.-2.r.350,periodicity,#664433,Bonang
3.7687687687687688,119.10104563739813,MaMi.CoDi,mami.codi.m.1.t.2.h.0.l.-2.r.350,periodicity,#664433,Bonang
3.7837837837837838,119.12958953242854,MaMi.CoDi,mami.codi.m.1.t.2.h.0.l.-2.r.350,periodicity,#664433,Bonang
3.798798798798799,119.15717928209862,MaMi.CoDi,mami.codi.m.1.t.2.h.0.l.-2.r.350,periodicity,#664433,Bonang
3.813813813813814,119.18345921126321,MaMi.CoDi,mami.codi.m.1.t.2.h.0.l.-2.r.350,periodicity,#664433,Bonang
3.828828828828829,119.20811369036787,MaMi.CoDi,mami.codi.m.1.t.2.h.0.l.-2.r.350,periodicity,#664433,Bonang
3.843843843843844,119.23087437005591,MaMi.CoDi,mami.codi.m.1.t.2.h.0.l.-2.r.350,periodicity,#664433,Bonang
3.858858858858859,119.25152640970524,MaMi.CoDi,mami.codi.m.1.t.2.h.0.l.-2.r.350,periodicity,#664433,Bonang
3.873873873873874,119.26991346040778,MaMi.CoDi,mami.codi.m.1.t.2.h.0.l.-2.r.350,periodicity,#664433,Bonang
3.888888888888889,119.28594120946575,MaMi.CoDi,mami.codi.m.1.t.2.h.0.l.-2.r.350,periodicity,#664433,Bonang
3.903903903903904,119.2995793489276,MaMi.CoDi,mami.codi.m.1.t.2.h.0.l.-2.r.350,periodicity,#664433,Bonang
3.918918918918919,119.31086189167267,MaMi.CoDi,mami.codi.m.1.t.2.h.0.l.-2.r.350,periodicity,#664433,Bonang
3.933933933933934,119.31988582151124,MaMi.CoDi,mami.codi.m.1.t.2.h.0.l.-2.r.350,periodicity,#664433,Bonang
3.948948948948949,119.32680812528113,MaMi.CoDi,mami.codi.m.1.t.2.h.0.l.-2.r.350,periodicity,#664433,Bonang
3.963963963963964,119.33184131182409,MaMi.CoDi,mami.codi.m.1.t.2.h.0.l.-2.r.350,periodicity,#664433,Bonang
3.978978978978979,119.33524757239016,MaMi.CoDi,mami.codi.m.1.t.2.h.0.l.-2.r.350,periodicity,#664433,Bonang
3.993993993993994,119.33733177738497,MaMi.CoDi,mami.codi.m.1.t.2.h.0.l.-2.r.350,periodicity,#664433,Bonang
4.009009009009009,119.33843353411405,MaMi.CoDi,mami.codi.m.1.t.2.h.0.l.-2.r.350,periodicity,#664433,Bonang
4.024024024024024,119.33891854861544,MaMi.CoDi,mami.codi.m.1.t.2.h.0.l.-2.r.350,periodicity,#664433,Bonang
4.039039039039039,119.33916954184784,MaMi.CoDi,mami.codi.m.1.t.2.h.0.l.-2.r.350,periodicity,#664433,Bonang
4.054054054054054,119.33957696702024,MaMi.CoDi,mami.codi.m.1.t.2.h.0.l.-2.r.350,periodicity,#664433,Bonang
4.069069069069069,119.34052976186047,MaMi.CoDi,mami.codi.m.1.t.2.h.0.l.-2.r.350,periodicity,#664433,Bonang
4.084084084084084,119.34240634862552,MaMi.CoDi,mami.codi.m.1.t.2.h.0.l.-2.r.350,periodicity,#664433,Bonang
4.099099099099099,119.34556606749294,MaMi.CoDi,mami.codi.m.1.t.2.h.0.l.-2.r.350,periodicity,#664433,Bonang
4.114114114114114,119.35034119759761,MaMi.CoDi,mami.codi.m.1.t.2.h.0.l.-2.r.350,periodicity,#664433,Bonang
4.129129129129129,119.3570296864618,MaMi.CoDi,mami.codi.m.1.t.2.h.0.l.-2.r.350,periodicity,#664433,Bonang
4.1441441441441444,119.36588867493194,MaMi.CoDi,mami.codi.m.1.t.2.h.0.l.-2.r.350,periodicity,#664433,Bonang
4.1591591591591595,119.3771288729171,MaMi.CoDi,mami.codi.m.1.t.2.h.0.l.-2.r.350,periodicity,#664433,Bonang
4.1741741741741745,119.390909812972,MaMi.CoDi,mami.codi.m.1.t.2.h.0.l.-2.r.350,periodicity,#664433,Bonang
4.1891891891891895,119.40733598559409,MaMi.CoDi,mami.codi.m.1.t.2.h.0.l.-2.r.350,periodicity,#664433,Bonang
4.2042042042042045,119.42645384320177,MaMi.CoDi,mami.codi.m.1.t.2.h.0.l.-2.r.350,periodicity,#664433,Bonang
4.2192192192192195,119.44824964993369,MaMi.CoDi,mami.codi.m.1.t.2.h.0.l.-2.r.350,periodicity,#664433,Bonang
4.2342342342342345,119.47264815202594,MaMi.CoDi,mami.codi.m.1.t.2.h.0.l.-2.r.350,periodicity,#664433,Bonang
4.2492492492492495,119.49951204843865,MaMi.CoDi,mami.codi.m.1.t.2.h.0.l.-2.r.350,periodicity,#664433,Bonang
4.2642642642642645,119.52864225291908,MaMi.CoDi,mami.codi.m.1.t.2.h.0.l.-2.r.350,periodicity,#664433,Bonang
4.2792792792792795,119.5597789555458,MaMi.CoDi,mami.codi.m.1.t.2.h.0.l.-2.r.350,periodicity,#664433,Bonang
4.2942942942942945,119.59260351217979,MaMi.CoDi,mami.codi.m.1.t.2.h.0.l.-2.r.350,periodicity,#664433,Bonang
4.3093093093093096,119.62674121182769,MaMi.CoDi,mami.codi.m.1.t.2.h.0.l.-2.r.350,periodicity,#664433,Bonang
4.324324324324325,119.66176499199233,MaMi.CoDi,mami.codi.m.1.t.2.h.0.l.-2.r.350,periodicity,#664433,Bonang
4.33933933933934,119.69720018767273,MaMi.CoDi,mami.codi.m.1.t.2.h.0.l.-2.r.350,periodicity,#664433,Bonang
4.354354354354355,119.73253040777578,MaMi.CoDi,mami.codi.m.1.t.2.h.0.l.-2.r.350,periodicity,#664433,Bonang
4.36936936936937,119.7672046304899,MaMi.CoDi,mami.codi.m.1.t.2.h.0.l.-2.r.350,periodicity,#664433,Bonang
4.384384384384385,119.80064559426997,MaMi.CoDi,mami.codi.m.1.t.2.h.0.l.-2.r.350,periodicity,#664433,Bonang
4.3993993993994,119.83225953181272,MaMi.CoDi,mami.codi.m.1.t.2.h.0.l.-2.r.350,periodicity,#664433,Bonang
4.414414414414415,119.8614472500478,MaMi.CoDi,mami.codi.m.1.t.2.h.0.l.-2.r.350,periodicity,#664433,Bonang
4.42942942942943,119.88761650011911,MaMi.CoDi,mami.codi.m.1.t.2.h.0.l.-2.r.350,periodicity,#664433,Bonang
4.444444444444445,119.91019550927726,MaMi.CoDi,mami.codi.m.1.t.2.h.0.l.-2.r.350,periodicity,#664433,Bonang
4.45945945945946,119.9286474644983,MaMi.CoDi,mami.codi.m.1.t.2.h.0.l.-2.r.350,periodicity,#664433,Bonang
4.474474474474475,119.94248564971423,MaMi.CoDi,mami.codi.m.1.t.2.h.0.l.-2.r.350,periodicity,#664433,Bonang
4.48948948948949,119.95128885006163,MaMi.CoDi,mami.codi.m.1.t.2.h.0.l.-2.r.350,periodicity,#664433,Bonang
4.504504504504505,119.95471655359454,MaMi.CoDi,mami.codi.m.1.t.2.h.0.l.-2.r.350,periodicity,#664433,Bonang
4.51951951951952,119.95252340997747,MaMi.CoDi,mami.codi.m.1.t.2.h.0.l.-2.r.350,periodicity,#664433,Bonang
4.534534534534535,119.9445723532601,MaMi.CoDi,mami.codi.m.1.t.2.h.0.l.-2.r.350,periodicity,#664433,Bonang
4.54954954954955,119.93084576794959,MaMi.CoDi,mami.codi.m.1.t.2.h.0.l.-2.r.350,periodicity,#664433,Bonang
4.564564564564565,119.9114540792742,MaMi.CoDi,mami.codi.m.1.t.2.h.0.l.-2.r.350,periodicity,#664433,Bonang
4.57957957957958,119.8866411833938,MaMi.CoDi,mami.codi.m.1.t.2.h.0.l.-2.r.350,periodicity,#664433,Bonang
4.594594594594595,119.85678620317084,MaMi.CoDi,mami.codi.m.1.t.2.h.0.l.-2.r.350,periodicity,#664433,Bonang
4.60960960960961,119.82240115968666,MaMi.CoDi,mami.codi.m.1.t.2.h.0.l.-2.r.350,periodicity,#664433,Bonang
4.624624624624625,119.78412428647673,MaMi.CoDi,mami.codi.m.1.t.2.h.0.l.-2.r.350,periodicity,#664433,Bonang
4.63963963963964,119.74270887768489,MaMi.CoDi,mami.codi.m.1.t.2.h.0.l.-2.r.350,periodicity,#664433,Bonang
4.654654654654655,119.69900774618998,MaMi.CoDi,mami.codi.m.1.t.2.h.0.l.-2.r.350,periodicity,#664433,Bonang
4.66966966966967,119.65395356459071,MaMi.CoDi,mami.codi.m.1.t.2.h.0.l.-2.r.350,periodicity,#664433,Bonang
4.684684684684685,119.6085355608362,MaMi.CoDi,mami.codi.m.1.t.2.h.0.l.-2.r.350,periodicity,#664433,Bonang
4.6996996996997,119.56377323051072,MaMi.CoDi,mami.codi.m.1.t.2.h.0.l.-2.r.350,periodicity,#664433,Bonang
4.714714714714715,119.52068789850536,MaMi.CoDi,mami.codi.m.1.t.2.h.0.l.-2.r.350,periodicity,#664433,Bonang
4.72972972972973,119.48027310371862,MaMi.CoDi,mami.codi.m.1.t.2.h.0.l.-2.r.350,periodicity,#664433,Bonang
4.744744744744745,119.44346488242448,MaMi.CoDi,mami.codi.m.1.t.2.h.0.l.-2.r.350,periodicity,#664433,Bonang
4.75975975975976,119.41111308174544,MaMi.CoDi,mami.codi.m.1.t.2.h.0.l.-2.r.350,periodicity,#664433,Bonang
4.774774774774775,119.38395483928862,MaMi.CoDi,mami.codi.m.1.t.2.h.0.l.-2.r.350,periodicity,#664433,Bonang
4.78978978978979,119.36259131615931,MaMi.CoDi,mami.codi.m.1.t.2.h.0.l.-2.r.350,periodicity,#664433,Bonang
4.804804804804805,119.34746866886071,MaMi.CoDi,mami.codi.m.1.t.2.h.0.l.-2.r.350,periodicity,#664433,Bonang
4.81981981981982,119.33886409455107,MaMi.CoDi,mami.codi.m.1.t.2.h.0.l.-2.r.350,periodicity,#664433,Bonang
4.834834834834835,119.3368775900571,MaMi.CoDi,mami.codi.m.1.t.2.h.0.l.-2.r.350,periodicity,#664433,Bonang
4.84984984984985,119.34142983667446,MaMi.CoDi,mami.codi.m.1.t.2.h.0.l.-2.r.350,periodicity,#664433,Bonang
4.864864864864865,119.35226637083807,MaMi.CoDi,mami.codi.m.1.t.2.h.0.l.-2.r.350,periodicity,#664433,Bonang
4.87987987987988,119.36896793729368,MaMi.CoDi,mami.codi.m.1.t.2.h.0.l.-2.r.350,periodicity,#664433,Bonang
4.894894894894895,119.39096665922926,MaMi.CoDi,mami.codi.m.1.t.2.h.0.l.-2.r.350,periodicity,#664433,Bonang
4.90990990990991,119.4175674116875,MaMi.CoDi,mami.codi.m.1.t.2.h.0.l.-2.r.350,periodicity,#664433,Bonang
4.924924924924925,119.44797356252789,MaMi.CoDi,mami.codi.m.1.t.2.h.0.l.-2.r.350,periodicity,#664433,Bonang
4.93993993993994,119.48131605990292,MaMi.CoDi,mami.codi.m.1.t.2.h.0.l.-2.r.350,periodicity,#664433,Bonang
4.954954954954955,119.51668470542018,MaMi.CoDi,mami.codi.m.1.t.2.h.0.l.-2.r.350,periodicity,#664433,Bonang
4.96996996996997,119.55316036426896,MaMi.CoDi,mami.codi.m.1.t.2.h.0.l.-2.r.350,periodicity,#664433,Bonang
4.984984984984985,119.58984683134864,MaMi.CoDi,mami.codi.m.1.t.2.h.0.l.-2.r.350,periodicity,#664433,Bonang
5,119.62590109681722,MaMi.CoDi,mami.codi.m.1.t.2.h.0.l.-2.r.350,periodicity,#664433,Bonang
5.015015015015015,119.66056083370904,MaMi.CoDi,mami.codi.m.1.t.2.h.0.l.-2.r.350,periodicity,#664433,Bonang
5.03003003003003,119.69316805997622,MaMi.CoDi,mami.codi.m.1.t.2.h.0.l.-2.r.350,periodicity,#664433,Bonang
5.045045045045045,119.72318810084069,MaMi.CoDi,mami.codi.m.1.t.2.h.0.l.-2.r.350,periodicity,#664433,Bonang
5.06006006006006,119.75022318616782,MaMi.CoDi,mami.codi.m.1.t.2.h.0.l.-2.r.350,periodicity,#664433,Bonang
5.075075075075075,119.77402025172361,MaMi.CoDi,mami.codi.m.1.t.2.h.0.l.-2.r.350,periodicity,#664433,Bonang
5.09009009009009,119.79447276182331,MaMi.CoDi,mami.codi.m.1.t.2.h.0.l.-2.r.350,periodicity,#664433,Bonang
5.105105105105105,119.81161662280334,MaMi.CoDi,mami.codi.m.1.t.2.h.0.l.-2.r.350,periodicity,#664433,Bonang
5.12012012012012,119.82562050090831,MaMi.CoDi,mami.codi.m.1.t.2.h.0.l.-2.r.350,periodicity,#664433,Bonang
5.135135135135135,119.83677108419002,MaMi.CoDi,mami.codi.m.1.t.2.h.0.l.-2.r.350,periodicity,#664433,Bonang
5.15015015015015,119.84545402652982,MaMi.CoDi,mami.codi.m.1.t.2.h.0.l.-2.r.350,periodicity,#664433,Bonang
5.165165165165165,119.85213147505435,MaMi.CoDi,mami.codi.m.1.t.2.h.0.l.-2.r.350,periodicity,#664433,Bonang
5.18018018018018,119.85731720385749,MaMi.CoDi,mami.codi.m.1.t.2.h.0.l.-2.r.350,periodicity,#664433,Bonang
5.195195195195195,119.86155045283846,MaMi.CoDi,mami.codi.m.1.t.2.h.0.l.-2.r.350,periodicity,#664433,Bonang
5.21021021021021,119.86536959844925,MaMi.CoDi,mami.codi.m.1.t.2.h.0.l.-2.r.350,periodicity,#664433,Bonang
5.225225225225225,119.86928676310814,MaMi.CoDi,mami.codi.m.1.t.2.h.0.l.-2.r.350,periodicity,#664433,Bonang
5.24024024024024,119.87376440392036,MaMi.CoDi,mami.codi.m.1.t.2.h.0.l.-2.r.350,periodicity,#664433,Bonang
5.255255255255255,119.87919481300268,MaMi.CoDi,mami.codi.m.1.t.2.h.0.l.-2.r.350,periodicity,#664433,Bonang
5.27027027027027,119.88588331669283,MaMi.CoDi,mami.codi.m.1.t.2.h.0.l.-2.r.350,periodicity,#664433,Bonang
5.285285285285285,119.89403578624537,MaMi.CoDi,mami.codi.m.1.t.2.h.0.l.-2.r.350,periodicity,#664433,Bonang
5.3003003003003,119.90375087642886,MaMi.CoDi,mami.codi.m.1.t.2.h.0.l.-2.r.350,periodicity,#664433,Bonang
5.315315315315315,119.91501719963911,MaMi.CoDi,mami.codi.m.1.t.2.h.0.l.-2.r.350,periodicity,#664433,Bonang
5.33033033033033,119.92771543102207,MaMi.CoDi,mami.codi.m.1.t.2.h.0.l.-2.r.350,periodicity,#664433,Bonang
5.345345345345345,119.94162513388288,MaMi.CoDi,mami.codi.m.1.t.2.h.0.l.-2.r.350,periodicity,#664433,Bonang
5.36036036036036,119.95643590311313,MaMi.CoDi,mami.codi.m.1.t.2.h.0.l.-2.r.350,periodicity,#664433,Bonang
5.375375375375375,119.97176225540746,MaMi.CoDi,mami.codi.m.1.t.2.h.0.l.-2.r.350,periodicity,#664433,Bonang
5.39039039039039,119.98716155535618,MaMi.CoDi,mami.codi.m.1.t.2.h.0.l.-2.r.350,periodicity,#664433,Bonang
5.405405405405405,120.00215416127483,MaMi.CoDi,mami.codi.m.1.t.2.h.0.l.-2.r.350,periodicity,#664433,Bonang
5.42042042042042,120.01624490731577,MaMi.CoDi,mami.codi.m.1.t.2.h.0.l.-2.r.350,periodicity,#664433,Bonang
5.435435435435435,120.02894501058942,MaMi.CoDi,mami.codi.m.1.t.2.h.0.l.-2.r.350,periodicity,#664433,Bonang
5.45045045045045,120.03979350340494,MaMi.CoDi,mami.codi.m.1.t.2.h.0.l.-2.r.350,periodicity,#664433,Bonang
5.465465465465465,120.04837733919697,MaMi.CoDi,mami.codi.m.1.t.2.h.0.l.-2.r.350,periodicity,#664433,Bonang
5.48048048048048,120.05434940248082,MaMi.CoDi,mami.codi.m.1.t.2.h.0.l.-2.r.350,periodicity,#664433,Bonang
5.495495495495495,120.05744376309262,MaMi.CoDi,mami.codi.m.1.t.2.h.0.l.-2.r.350,periodicity,#664433,Bonang
5.51051051051051,120.05748764683254,MaMi.CoDi,mami.codi.m.1.t.2.h.0.l.-2.r.350,periodicity,#664433,Bonang
5.525525525525525,120.05440974149295,MaMi.CoDi,mami.codi.m.1.t.2.h.0.l.-2.r.350,periodicity,#664433,Bonang
5.54054054054054,120.04824461195577,MaMi.CoDi,mami.codi.m.1.t.2.h.0.l.-2.r.350,periodicity,#664433,Bonang
5.555555555555555,120.03913315347319,MaMi.CoDi,mami.codi.m.1.t.2.h.0.l.-2.r.350,periodicity,#664433,Bonang
5.57057057057057,120.02731916180451,MaMi.CoDi,mami.codi.m.1.t.2.h.0.l.-2.r.350,periodicity,#664433,Bonang
5.585585585585585,120.01314223673675,MaMi.CoDi,mami.codi.m.1.t.2.h.0.l.-2.r.350,periodicity,#664433,Bonang
5.6006006006006,119.99702735689786,MaMi.CoDi,mami.codi.m.1.t.2.h.0.l.-2.r.350,periodicity,#664433,Bonang
5.615615615615615,119.97947156507313,MaMi.CoDi,mami.codi.m.1.t.2.h.0.l.-2.r.350,periodicity,#664433,Bonang
5.63063063063063,119.96102828215243,MaMi.CoDi,mami.codi.m.1.t.2.h.0.l.-2.r.350,periodicity,#664433,Bonang
5.645645645645645,119.9422898233199,MaMi.CoDi,mami.codi.m.1.t.2.h.0.l.-2.r.350,periodicity,#664433,Bonang
5.66066066066066,119.92386872224336,MaMi.CoDi,mami.codi.m.1.t.2.h.0.l.-2.r.350,periodicity,#664433,Bonang
5.675675675675675,119.90637847897426,MaMi.CoDi,mami.codi.m.1.t.2.h.0.l.-2.r.350,periodicity,#664433,Bonang
5.6906906906906904,119.8904143369632,MaMi.CoDi,mami.codi.m.1.t.2.h.0.l.-2.r.350,periodicity,#664433,Bonang
5.7057057057057055,119.87653466654682,MaMi.CoDi,mami.codi.m.1.t.2.h.0.l.-2.r.350,periodicity,#664433,Bonang
5.7207207207207205,119.86524348934559,MaMi.CoDi,mami.codi.m.1.t.2.h.0.l.-2.r.350,periodicity,#664433,Bonang
5.7357357357357355,119.85697462320036,MaMi.CoDi,mami.codi.m.1.t.2.h.0.l.-2.r.350,periodicity,#664433,Bonang
5.7507507507507505,119.8520778634986,MaMi.CoDi,mami.codi.m.1.t.2.h.0.l.-2.r.350,periodicity,#664433,Bonang
5.7657657657657655,119.8508075466712,MaMi.CoDi,mami.codi.m.1.t.2.h.0.l.-2.r.350,periodicity,#664433,Bonang
5.7807807807807805,119.85331376763716,MaMi.CoDi,mami.codi.m.1.t.2.h.0.l.-2.r.350,periodicity,#664433,Bonang
5.7957957957957955,119.85963644701083,MaMi.CoDi,mami.codi.m.1.t.2.h.0.l.-2.r.350,periodicity,#664433,Bonang
5.8108108108108105,119.86970236754317,MaMi.CoDi,mami.codi.m.1.t.2.h.0.l.-2.r.350,periodicity,#664433,Bonang
5.8258258258258255,119.88332522378654,MaMi.CoDi,mami.codi.m.1.t.2.h.0.l.-2.r.350,periodicity,#664433,Bonang
5.8408408408408405,119.90020865530205,MaMi.CoDi,mami.codi.m.1.t.2.h.0.l.-2.r.350,periodicity,#664433,Bonang
5.8558558558558556,119.9199521626561,MaMi.CoDi,mami.codi.m.1.t.2.h.0.l.-2.r.350,periodicity,#664433,Bonang
5.870870870870871,119.94205973765703,MaMi.CoDi,mami.codi.m.1.t.2.h.0.l.-2.r.350,periodicity,#664433,Bonang
5.885885885885886,119.96595097547055,MaMi.CoDi,mami.codi.m.1.t.2.h.0.l.-2.r.350,periodicity,#664433,Bonang
5.900900900900901,119.99097437719803,MaMi.CoDi,mami.codi.m.1.t.2.h.0.l.-2.r.350,periodicity,#664433,Bonang
5.915915915915916,120.01642249813385,MaMi.CoDi,mami.codi.m.1.t.2.h.0.l.-2.r.350,periodicity,#664433,Bonang
5.930930930930931,120.0415485502982,MaMi.CoDi,mami.codi.m.1.t.2.h.0.l.-2.r.350,periodicity,#664433,Bonang
5.945945945945946,120.06558402920281,MaMi.CoDi,mami.codi.m.1.t.2.h.0.l.-2.r.350,periodicity,#664433,Bonang
5.960960960960961,120.08775690542863,MaMi.CoDi,mami.codi.m.1.t.2.h.0.l.-2.r.350,periodicity,#664433,Bonang
5.975975975975976,120.10730990282396,MaMi.CoDi,mami.codi.m.1.t.2.h.0.l.-2.r.350,periodicity,#664433,Bonang
5.990990990990991,120.12351837817477,MaMi.CoDi,mami.codi.m.1.t.2.h.0.l.-2.r.350,periodicity,#664433,Bonang
6.006006006006006,120.13570732310706,MaMi.CoDi,mami.codi.m.1.t.2.h.0.l.-2.r.350,periodicity,#664433,Bonang
6.021021021021021,120.14326702844897,MaMi.CoDi,mami.codi.m.1.t.2.h.0.l.-2.r.350,periodicity,#664433,Bonang
6.036036036036036,120.14566698461147,MaMi.CoDi,mami.codi.m.1.t.2.h.0.l.-2.r.350,periodicity,#664433,Bonang
6.051051051051051,120.14246763849393,MaMi.CoDi,mami.codi.m.1.t.2.h.0.l.-2.r.350,periodicity,#664433,Bonang
6.066066066066066,120.13332968718686,MaMi.CoDi,mami.codi.m.1.t.2.h.0.l.-2.r.350,periodicity,#664433,Bonang
6.081081081081081,120.11802065989698,MaMi.CoDi,mami.codi.m.1.t.2.h.0.l.-2.r.350,periodicity,#664433,Bonang
6.096096096096096,120.09641862005282,MaMi.CoDi,mami.codi.m.1.t.2.h.0.l.-2.r.350,periodicity,#664433,Bonang
6.111111111111111,120.068512906895,MaMi.CoDi,mami.codi.m.1.t.2.h.0.l.-2.r.350,periodicity,#664433,Bonang
6.126126126126126,120.03440192701211,MaMi.CoDi,mami.codi.m.1.t.2.h.0.l.-2.r.350,periodicity,#664433,Bonang
6.141141141141141,119.99428809791492,MaMi.CoDi,mami.codi.m.1.t.2.h.0.l.-2.r.350,periodicity,#664433,Bonang
6.156156156156156,119.94847013437142,MaMi.CoDi,mami.codi.m.1.t.2.h.0.l.-2.r.350,periodicity,#664433,Bonang
6.171171171171171,119.89733295037722,MaMi.CoDi,mami.codi.m.1.t.2.h.0.l.-2.r.350,periodicity,#664433,Bonang
6.186186186186186,119.84133552205408,MaMi.CoDi,mami.codi.m.1.t.2.h.0.l.-2.r.350,periodicity,#664433,Bonang
6.201201201201201,119.78099711657556,MaMi.CoDi,mami.codi.m.1.t.2.h.0.l.-2.r.350,periodicity,#664433,Bonang
6.216216216216216,119.71688233709018,MaMi.CoDi,mami.codi.m.1.t.2.h.0.l.-2.r.350,periodicity,#664433,Bonang
6.231231231231231,119.64958546191201,MaMi.CoDi,mami.codi.m.1.t.2.h.0.l.-2.r.350,periodicity,#664433,Bonang
6.246246246246246,119.5797145671011,MaMi.CoDi,mami.codi.m.1.t.2.h.0.l.-2.r.350,periodicity,#664433,Bonang
6.261261261261261,119.50787591492691,MaMi.CoDi,mami.codi.m.1.t.2.h.0.l.-2.r.350,periodicity,#664433,Bonang
6.276276276276276,119.43465906735847,MaMi.CoDi,mami.codi.m.1.t.2.h.0.l.-2.r.350,periodicity,#664433,Bonang
6.291291291291291,119.36062314517476,MaMi.CoDi,mami.codi.m.1.t.2.h.0.l.-2.r.350,periodicity,#664433,Bonang
6.306306306306306,119.28628460169516,MaMi.CoDi,mami.codi.m.1.t.2.h.0.l.-2.r.350,periodicity,#664433,Bonang
6.321321321321321,119.21210681815101,MaMi.CoDi,mami.codi.m.1.t.2.h.0.l.-2.r.350,periodicity,#664433,Bonang
6.336336336336336,119.13849175830468,MaMi.CoDi,mami.codi.m.1.t.2.h.0.l.-2.r.350,periodicity,#664433,Bonang
6.351351351351351,119.0657738461742,MaMi.CoDi,mami.codi.m.1.t.2.h.0.l.-2.r.350,periodicity,#664433,Bonang
6.366366366366366,118.99421615562248,MaMi.CoDi,mami.codi.m.1.t.2.h.0.l.-2.r.350,periodicity,#664433,Bonang
6.381381381381381,118.92400892689707,MaMi.CoDi,mami.codi.m.1.t.2.h.0.l.-2.r.350,periodicity,#664433,Bonang
6.396396396396396,118.85527035530724,MaMi.CoDi,mami.codi.m.1.t.2.h.0.l.-2.r.350,periodicity,#664433,Bonang
6.411411411411412,118.78804953298378,MaMi.CoDi,mami.codi.m.1.t.2.h.0.l.-2.r.350,periodicity,#664433,Bonang
6.426426426426427,118.72233136740826,MaMi.CoDi,mami.codi.m.1.t.2.h.0.l.-2.r.350,periodicity,#664433,Bonang
6.441441441441442,118.65804325093404,MaMi.CoDi,mami.codi.m.1.t.2.h.0.l.-2.r.350,periodicity,#664433,Bonang
6.456456456456457,118.59506321418631,MaMi.CoDi,mami.codi.m.1.t.2.h.0.l.-2.r.350,periodicity,#664433,Bonang
6.471471471471472,118.53322926300905,MaMi.CoDi,mami.codi.m.1.t.2.h.0.l.-2.r.350,periodicity,#664433,Bonang
6.486486486486487,118.47234957328068,MaMi.CoDi,mami.codi.m.1.t.2.h.0.l.-2.r.350,periodicity,#664433,Bonang
6.501501501501502,118.41221320013557,MaMi.CoDi,mami.codi.m.1.t.2.h.0.l.-2.r.350,periodicity,#664433,Bonang
6.516516516516517,118.35260094768076,MaMi.CoDi,mami.codi.m.1.t.2.h.0.l.-2.r.350,periodicity,#664433,Bonang
6.531531531531532,118.2932960421456,MaMi.CoDi,mami.codi.m.1.t.2.h.0.l.-2.r.350,periodicity,#664433,Bonang
6.546546546546547,118.23409425579085,MaMi.CoDi,mami.codi.m.1.t.2.h.0.l.-2.r.350,periodicity,#664433,Bonang
6.561561561561562,118.17481314137157,MaMi.CoDi,mami.codi.m.1.t.2.h.0.l.-2.r.350,periodicity,#664433,Bonang
6.576576576576577,118.11530005827066,MaMi.CoDi,mami.codi.m.1.t.2.h.0.l.-2.r.350,periodicity,#664433,Bonang
6.591591591591592,118.05543870253156,MaMi.CoDi,mami.codi.m.1.t.2.h.0.l.-2.r.350,periodicity,#664433,Bonang
6.606606606606607,117.9951538948045,MaMi.CoDi,mami.codi.m.1.t.2.h.0.l.-2.r.350,periodicity,#664433,Bonang
6.621621621621622,117.93441443331778,MaMi.CoDi,mami.codi.m.1.t.2.h.0.l.-2.r.350,periodicity,#664433,Bonang
6.636636636636637,117.87323388359509,MaMi.CoDi,mami.codi.m.1.t.2.h.0.l.-2.r.350,periodicity,#664433,Bonang
6.651651651651652,117.8116692521782,MaMi.CoDi,mami.codi.m.1.t.2.h.0.l.-2.r.350,periodicity,#664433,Bonang
6.666666666666667,117.74981757670461,MaMi.CoDi,mami.codi.m.1.t.2.h.0.l.-2.r.350,periodicity,#664433,Bonang
6.681681681681682,117.68781055683581,MaMi.CoDi,mami.codi.m.1.t.2.h.0.l.-2.r.350,periodicity,#664433,Bonang
6.696696696696697,117.62580744625429,MaMi.CoDi,mami.codi.m.1.t.2.h.0.l.-2.r.350,periodicity,#664433,Bonang
6.711711711711712,117.56398652072953,MaMi.CoDi,mami.codi.m.1.t.2.h.0.l.-2.r.350,periodicity,#664433,Bonang
6.726726726726727,117.50253552579791,MaMi.CoDi,mami.codi.m.1.t.2.h.0.l.-2.r.350,periodicity,#664433,Bonang
6.741741741741742,117.44164158409845,MaMi.CoDi,mami.codi.m.1.t.2.h.0.l.-2.r.350,periodicity,#664433,Bonang
6.756756756756757,117.38148110093755,MaMi.CoDi,mami.codi.m.1.t.2.h.0.l.-2.r.350,periodicity,#664433,Bonang
6.771771771771772,117.32221024163566,MaMi.CoDi,mami.codi.m.1.t.2.h.0.l.-2.r.350,periodicity,#664433,Bonang
6.786786786786787,117.26395656092735,MaMi.CoDi,mami.codi.m.1.t.2.h.0.l.-2.r.350,periodicity,#664433,Bonang
6.801801801801802,117.20681233972839,MaMi.CoDi,mami.codi.m.1.t.2.h.0.l.-2.r.350,periodicity,#664433,Bonang
6.816816816816817,117.15083012632219,MaMi.CoDi,mami.codi.m.1.t.2.h.0.l.-2.r.350,periodicity,#664433,Bonang
6.831831831831832,117.09602088789022,MaMi.CoDi,mami.codi.m.1.t.2.h.0.l.-2.r.350,periodicity,#664433,Bonang
6.846846846846847,117.04235505702374,MaMi.CoDi,mami.codi.m.1.t.2.h.0.l.-2.r.350,periodicity,#664433,Bonang
6.861861861861862,116.98976661140289,MaMi.CoDi,mami.codi.m.1.t.2.h.0.l.-2.r.350,periodicity,#664433,Bonang
6.876876876876877,116.9381601603091,MaMi.CoDi,mami.codi.m.1.t.2.h.0.l.-2.r.350,periodicity,#664433,Bonang
6.891891891891892,116.88742083790845,MaMi.CoDi,mami.codi.m.1.t.2.h.0.l.-2.r.350,periodicity,#664433,Bonang
6.906906906906907,116.83742663040061,MaMi.CoDi,mami.codi.m.1.t.2.h.0.l.-2.r.350,periodicity,#664433,Bonang
6.921921921921922,116.78806260285604,MaMi.CoDi,mami.codi.m.1.t.2.h.0.l.-2.r.350,periodicity,#664433,Bonang
6.936936936936937,116.73923635240726,MaMi.CoDi,mami.codi.m.1.t.2.h.0.l.-2.r.350,periodicity,#664433,Bonang
6.951951951951952,116.6908939070466,MaMi.CoDi,mami.codi.m.1.t.2.h.0.l.-2.r.350,periodicity,#664433,Bonang
6.966966966966967,116.64303522162959,MaMi.CoDi,mami.codi.m.1.t.2.h.0.l.-2.r.350,periodicity,#664433,Bonang
6.981981981981982,116.59572840052567,MaMi.CoDi,mami.codi.m.1.t.2.h.0.l.-2.r.350,periodicity,#664433,Bonang
6.996996996996997,116.54912180271639,MaMi.CoDi,mami.codi.m.1.t.2.h.0.l.-2.r.350,periodicity,#664433,Bonang
7.012012012012012,116.50345325998858,MaMi.CoDi,mami.codi.m.1.t.2.h.0.l.-2.r.350,periodicity,#664433,Bonang
7.027027027027027,116.45905575908975,MaMi.CoDi,mami.codi.m.1.t.2.h.0.l.-2.r.350,periodicity,#664433,Bonang
7.042042042042042,116.41635909826671,MaMi.CoDi,mami.codi.m.1.t.2.h.0.l.-2.r.350,periodicity,#664433,Bonang
7.057057057057057,116.37588721885875,MaMi.CoDi,mami.codi.m.1.t.2.h.0.l.-2.r.350,periodicity,#664433,Bonang
7.072072072072072,116.33825112298048,MaMi.CoDi,mami.codi.m.1.t.2.h.0.l.-2.r.350,periodicity,#664433,Bonang
7.087087087087087,116.3041375068661,MaMi.CoDi,mami.codi.m.1.t.2.h.0.l.-2.r.350,periodicity,#664433,Bonang
7.102102102102102,116.27429345378691,MaMi.CoDi,mami.codi.m.1.t.2.h.0.l.-2.r.350,periodicity,#664433,Bonang
7.117117117117117,116.2495077284826,MaMi.CoDi,mami.codi.m.1.t.2.h.0.l.-2.r.350,periodicity,#664433,Bonang
7.132132132132132,116.23058938579626,MaMi.CoDi,mami.codi.m.1.t.2.h.0.l.-2.r.350,periodicity,#664433,Bonang
7.147147147147147,116.21834454045876,MaMi.CoDi,mami.codi.m.1.t.2.h.0.l.-2.r.350,periodicity,#664433,Bonang
7.162162162162162,116.21355223586548,MaMi.CoDi,mami.codi.m.1.t.2.h.0.l.-2.r.350,periodicity,#664433,Bonang
7.177177177177177,116.21694039300232,MaMi.CoDi,mami.codi.m.1.t.2.h.0.l.-2.r.350,periodicity,#664433,Bonang
7.192192192192192,116.22916281509399,MaMi.CoDi,mami.codi.m.1.t.2.h.0.l.-2.r.350,periodicity,#664433,Bonang
7.207207207207207,116.25077817047996,MaMi.CoDi,mami.codi.m.1.t.2.h.0.l.-2.r.350,periodicity,#664433,Bonang
7.222222222222222,116.28223177975573,MaMi.CoDi,mami.codi.m.1.t.2.h.0.l.-2.r.350,periodicity,#664433,Bonang
7.237237237237237,116.32384089956402,MaMi.CoDi,mami.codi.m.1.t.2.h.0.l.-2.r.350,periodicity,#664433,Bonang
7.252252252252252,116.37578403258698,MaMi.CoDi,mami.codi.m.1.t.2.h.0.l.-2.r.350,periodicity,#664433,Bonang
7.267267267267267,116.43809461037094,MaMi.CoDi,mami.codi.m.1.t.2.h.0.l.-2.r.350,periodicity,#664433,Bonang
7.282282282282282,116.51065920230354,MaMi.CoDi,mami.codi.m.1.t.2.h.0.l.-2.r.350,periodicity,#664433,Bonang
7.297297297297297,116.59322021002158,MaMi.CoDi,mami.codi.m.1.t.2.h.0.l.-2.r.350,periodicity,#664433,Bonang
7.312312312312312,116.68538282089682,MaMi.CoDi,mami.codi.m.1.t.2.h.0.l.-2.r.350,periodicity,#664433,Bonang
7.327327327327327,116.78662582519878,MaMi.CoDi,mami.codi.m.1.t.2.h.0.l.-2.r.350,periodicity,#664433,Bonang
7.342342342342342,116.89631575597036,MaMi.CoDi,mami.codi.m.1.t.2.h.0.l.-2.r.350,periodicity,#664433,Bonang
7.357357357357357,117.01372369394132,MaMi.CoDi,mami.codi.m.1.t.2.h.0.l.-2.r.350,periodicity,#664433,Bonang
7.372372372372372,117.13804399572558,MaMi.CoDi,mami.codi.m.1.t.2.h.0.l.-2.r.350,periodicity,#664433,Bonang
7.387387387387387,117.26841415423094,MaMi.CoDi,mami.codi.m.1.t.2.h.0.l.-2.r.350,periodicity,#664433,Bonang
7.402402402402402,117.40393498622018,MaMi.CoDi,mami.codi.m.1.t.2.h.0.l.-2.r.350,periodicity,#664433,Bonang
7.4174174174174174,117.54369036241222,MaMi.CoDi,mami.codi.m.1.t.2.h.0.l.-2.r.350,periodicity,#664433,Bonang
7.4324324324324325,117.68676574824717,MaMi.CoDi,mami.codi.m.1.t.2.h.0.l.-2.r.350,periodicity,#664433,Bonang
7.4474474474474475,117.83226490516833,MaMi.CoDi,mami.codi.m.1.t.2.h.0.l.-2.r.350,periodicity,#664433,Bonang
7.4624624624624625,117.97932420880784,MaMi.CoDi,mami.codi.m.1.t.2.h.0.l.-2.r.350,periodicity,#664433,Bonang
7.4774774774774775,118.12712416685845,MaMi.CoDi,mami.codi.m.1.t.2.h.0.l.-2.r.350,periodicity,#664433,Bonang
7.4924924924924925,118.27489786017244,MaMi.CoDi,mami.codi.m.1.t.2.h.0.l.-2.r.350,periodicity,#664433,Bonang
7.5075075075075075,118.42193617983331,MaMi.CoDi,mami.codi.m.1.t.2.h.0.l.-2.r.350,periodicity,#664433,Bonang
7.5225225225225225,118.56758988446967,MaMi.CoDi,mami.codi.m.1.t.2.h.0.l.-2.r.350,periodicity,#664433,Bonang
7.5375375375375375,118.71126864970682,MaMi.CoDi,mami.codi.m.1.t.2.h.0.l.-2.r.350,periodicity,#664433,Bonang
7.5525525525525525,118.85243741928973,MaMi.CoDi,mami.codi.m.1.t.2.h.0.l.-2.r.350,periodicity,#664433,Bonang
7.5675675675675675,118.99061048926117,MaMi.CoDi,mami.codi.m.1.t.2.h.0.l.-2.r.350,periodicity,#664433,Bonang
7.5825825825825826,119.12534385736978,MaMi.CoDi,mami.codi.m.1.t.2.h.0.l.-2.r.350,periodicity,#664433,Bonang
7.597597597597598,119.25622644505309,MaMi.CoDi,mami.codi.m.1.t.2.h.0.l.-2.r.350,periodicity,#664433,Bonang
7.612612612612613,119.38287084528581,MaMi.CoDi,mami.codi.m.1.t.2.h.0.l.-2.r.350,periodicity,#664433,Bonang
7.627627627627628,119.50490426387982,MaMi.CoDi,mami.codi.m.1.t.2.h.0.l.-2.r.350,periodicity,#664433,Bonang
7.642642642642643,119.6219603033632,MaMi.CoDi,mami.codi.m.1.t.2.h.0.l.-2.r.350,periodicity,#664433,Bonang
7.657657657657658,119.73367218776167,MaMi.CoDi,mami.codi.m.1.t.2.h.0.l.-2.r.350,periodicity,#664433,Bonang
7.672672672672673,119.83966794541661,MaMi.CoDi,mami.codi.m.1.t.2.h.0.l.-2.r.350,periodicity,#664433,Bonang
7.687687687687688,119.93956795893702,MaMi.CoDi,mami.codi.m.1.t.2.h.0.l.-2.r.350,periodicity,#664433,Bonang
7.702702702702703,120.03298516148169,MaMi.CoDi,mami.codi.m.1.t.2.h.0.l.-2.r.350,periodicity,#664433,Bonang
7.717717717717718,120.11952801309158,MaMi.CoDi,mami.codi.m.1.t.2.h.0.l.-2.r.350,periodicity,#664433,Bonang
7.732732732732733,120.19880623699787,MaMi.CoDi,mami.codi.m.1.t.2.h.0.l.-2.r.350,periodicity,#664433,Bonang
7.747747747747748,120.2704391416009,MaMi.CoDi,mami.codi.m.1.t.2.h.0.l.-2.r.350,periodicity,#664433,Bonang
7.762762762762763,120.33406620722428,MaMi.CoDi,mami.codi.m.1.t.2.h.0.l.-2.r.350,periodicity,#664433,Bonang
7.777777777777778,120.38935948557926,MaMi.CoDi,mami.codi.m.1.t.2.h.0.l.-2.r.350,periodicity,#664433,Bonang
7.792792792792793,120.43603725113374,MaMi.CoDi,mami.codi.m.1.t.2.h.0.l.-2.r.350,periodicity,#664433,Bonang
7.807807807807808,120.47387826310803,MaMi.CoDi,mami.codi.m.1.t.2.h.0.l.-2.r.350,periodicity,#664433,Bonang
7.822822822822823,120.5027359487871,MaMi.CoDi,mami.codi.m.1.t.2.h.0.l.-2.r.350,periodicity,#664433,Bonang
7.837837837837838,120.52255180564836,MaMi.CoDi,mami.codi.m.1.t.2.h.0.l.-2.r.350,periodicity,#664433,Bonang
7.852852852852853,120.53336734172515,MaMi.CoDi,mami.codi.m.1.t.2.h.0.l.-2.r.350,periodicity,#664433,Bonang
7.867867867867868,120.53533392896958,MaMi.CoDi,mami.codi.m.1.t.2.h.0.l.-2.r.350,periodicity,#664433,Bonang
7.882882882882883,120.52872002948028,MaMi.CoDi,mami.codi.m.1.t.2.h.0.l.-2.r.350,periodicity,#664433,Bonang
7.897897897897898,120.51391536404114,MaMi.CoDi,mami.codi.m.1.t.2.h.0.l.-2.r.350,periodicity,#664433,Bonang
7.912912912912913,120.49143171993494,MaMi.CoDi,mami.codi.m.1.t.2.h.0.l.-2.r.350,periodicity,#664433,Bonang
7.927927927927928,120.46190023310905,MaMi.CoDi,mami.codi.m.1.t.2.h.0.l.-2.r.350,periodicity,#664433,Bonang
7.942942942942943,120.42606512091378,MaMi.CoDi,mami.codi.m.1.t.2.h.0.l.-2.r.350,periodicity,#664433,Bonang
7.957957957957958,120.38477397848617,MaMi.CoDi,mami.codi.m.1.t.2.h.0.l.-2.r.350,periodicity,#664433,Bonang
7.972972972972973,120.33896487789542,MaMi.CoDi,mami.codi.m.1.t.2.h.0.l.-2.r.350,periodicity,#664433,Bonang
7.987987987987988,120.28965061903936,MaMi.CoDi,mami.codi.m.1.t.2.h.0.l.-2.r.350,periodicity,#664433,Bonang
8.003003003003004,120.23790057112694,MaMi.CoDi,mami.codi.m.1.t.2.h.0.l.-2.r.350,periodicity,#664433,Bonang
8.018018018018019,120.18482061116349,MaMi.CoDi,mami.codi.m.1.t.2.h.0.l.-2.r.350,periodicity,#664433,Bonang
8.033033033033034,120.1315317105985,MaMi.CoDi,mami.codi.m.1.t.2.h.0.l.-2.r.350,periodicity,#664433,Bonang
8.048048048048049,120.07914774411475,MaMi.CoDi,mami.codi.m.1.t.2.h.0.l.-2.r.350,periodicity,#664433,Bonang
8.063063063063064,120.0287530976158,MaMi.CoDi,mami.codi.m.1.t.2.h.0.l.-2.r.350,periodicity,#664433,Bonang
8.078078078078079,119.98138063885091,MaMi.CoDi,mami.codi.m.1.t.2.h.0.l.-2.r.350,periodicity,#664433,Bonang
8.093093093093094,119.93799058731376,MaMi.CoDi,mami.codi.m.1.t.2.h.0.l.-2.r.350,periodicity,#664433,Bonang
8.108108108108109,119.89945078363138,MaMi.CoDi,mami.codi.m.1.t.2.h.0.l.-2.r.350,periodicity,#664433,Bonang
8.123123123123124,119.86651881579284,MaMi.CoDi,mami.codi.m.1.t.2.h.0.l.-2.r.350,periodicity,#664433,Bonang
8.138138138138139,119.8398264127863,MaMi.CoDi,mami.codi.m.1.t.2.h.0.l.-2.r.350,periodicity,#664433,Bonang
8.153153153153154,119.81986646711296,MaMi.CoDi,mami.codi.m.1.t.2.h.0.l.-2.r.350,periodicity,#664433,Bonang
8.168168168168169,119.80698299690962,MaMi.CoDi,mami.codi.m.1.t.2.h.0.l.-2.r.350,periodicity,#664433,Bonang
8.183183183183184,119.80136430572492,MaMi.CoDi,mami.codi.m.1.t.2.h.0.l.-2.r.350,periodicity,#664433,Bonang
8.198198198198199,119.80303954238363,MaMi.CoDi,mami.codi.m.1.t.2.h.0.l.-2.r.350,periodicity,#664433,Bonang
8.213213213213214,119.81187880334181,MaMi.CoDi,mami.codi.m.1.t.2.h.0.l.-2.r.350,periodicity,#664433,Bonang
8.228228228228229,119.82759685392372,MaMi.CoDi,mami.codi.m.1.t.2.h.0.l.-2.r.350,periodicity,#664433,Bonang
8.243243243243244,119.84976047153786,MaMi.CoDi,mami.codi.m.1.t.2.h.0.l.-2.r.350,periodicity,#664433,Bonang
8.258258258258259,119.8777993327409,MaMi.CoDi,mami.codi.m.1.t.2.h.0.l.-2.r.350,periodicity,#664433,Bonang
8.273273273273274,119.91102027713401,MaMi.CoDi,mami.codi.m.1.t.2.h.0.l.-2.r.350,periodicity,#664433,Bonang
8.288288288288289,119.9486246859798,MaMi.CoDi,mami.codi.m.1.t.2.h.0.l.-2.r.350,periodicity,#664433,Bonang
8.303303303303304,119.98972861476288,MaMi.CoDi,mami.codi.m.1.t.2.h.0.l.-2.r.350,periodicity,#664433,Bonang
8.318318318318319,120.03338522051365,MaMi.CoDi,mami.codi.m.1.t.2.h.0.l.-2.r.350,periodicity,#664433,Bonang
8.333333333333334,120.07860893134354,MaMi.CoDi,mami.codi.m.1.t.2.h.0.l.-2.r.350,periodicity,#664433,Bonang
8.348348348348349,120.12440072272626,MaMi.CoDi,mami.codi.m.1.t.2.h.0.l.-2.r.350,periodicity,#664433,Bonang
8.363363363363364,120.16977379823588,MaMi.CoDi,mami.codi.m.1.t.2.h.0.l.-2.r.350,periodicity,#664433,Bonang
8.378378378378379,120.21377892709756,MaMi.CoDi,mami.codi.m.1.t.2.h.0.l.-2.r.350,periodicity,#664433,Bonang
8.393393393393394,120.25552867165446,MaMi.CoDi,mami.codi.m.1.t.2.h.0.l.-2.r.350,periodicity,#664433,Bonang
8.408408408408409,120.29421974813825,MaMi.CoDi,mami.codi.m.1.t.2.h.0.l.-2.r.350,periodicity,#664433,Bonang
8.423423423423424,120.32915280581138,MaMi.CoDi,mami.codi.m.1.t.2.h.0.l.-2.r.350,periodicity,#664433,Bonang
8.438438438438439,120.35974898265752,MaMi.CoDi,mami.codi.m.1.t.2.h.0.l.-2.r.350,periodicity,#664433,Bonang
8.453453453453454,120.38556269841295,MaMi.CoDi,mami.codi.m.1.t.2.h.0.l.-2.r.350,periodicity,#664433,Bonang
8.468468468468469,120.40629027403615,MaMi.CoDi,mami.codi.m.1.t.2.h.0.l.-2.r.350,periodicity,#664433,Bonang
8.483483483483484,120.42177411515208,MaMi.CoDi,mami.codi.m.1.t.2.h.0.l.-2.r.350,periodicity,#664433,Bonang
8.498498498498499,120.43200235867621,MaMi.CoDi,mami.codi.m.1.t.2.h.0.l.-2.r.350,periodicity,#664433,Bonang
8.513513513513514,120.43710404885746,MaMi.CoDi,mami.codi.m.1.t.2.h.0.l.-2.r.350,periodicity,#664433,Bonang
8.528528528528529,120.43734007311073,MaMi.CoDi,mami.codi.m.1.t.2.h.0.l.-2.r.350,periodicity,#664433,Bonang
8.543543543543544,120.4330902411373,MaMi.CoDi,mami.codi.m.1.t.2.h.0.l.-2.r.350,periodicity,#664433,Bonang
8.558558558558559,120.42483702551381,MaMi.CoDi,mami.codi.m.1.t.2.h.0.l.-2.r.350,periodicity,#664433,Bonang
8.573573573573574,120.41314659191914,MaMi.CoDi,mami.codi.m.1.t.2.h.0.l.-2.r.350,periodicity,#664433,Bonang
8.588588588588589,120.3986478277996,MaMi.CoDi,mami.codi.m.1.t.2.h.0.l.-2.r.350,periodicity,#664433,Bonang
8.603603603603604,120.38201012668416,MaMi.CoDi,mami.codi.m.1.t.2.h.0.l.-2.r.350,periodicity,#664433,Bonang
8.618618618618619,120.36392070067407,MaMi.CoDi,mami.codi.m.1.t.2.h.0.l.-2.r.350,periodicity,#664433,Bonang
8.633633633633634,120.34506217690802,MaMi.CoDi,mami.codi.m.1.t.2.h.0.l.-2.r.350,periodicity,#664433,Bonang
8.64864864864865,120.32609118782179,MaMi.CoDi,mami.codi.m.1.t.2.h.0.l.-2.r.350,periodicity,#664433,Bonang
8.663663663663664,120.3076185940927,MaMi.CoDi,mami.codi.m.1.t.2.h.0.l.-2.r.350,periodicity,#664433,Bonang
8.67867867867868,120.29019188859905,MaMi.CoDi,mami.codi.m.1.t.2.h.0.l.-2.r.350,periodicity,#664433,Bonang
8.693693693693694,120.27428022553984,MaMi.CoDi,mami.codi.m.1.t.2.h.0.l.-2.r.350,periodicity,#664433,Bonang
8.70870870870871,120.2602624071499,MaMi.CoDi,mami.codi.m.1.t.2.h.0.l.-2.r.350,periodicity,#664433,Bonang
8.723723723723724,120.24841804708107,MaMi.CoDi,mami.codi.m.1.t.2.h.0.l.-2.r.350,periodicity,#664433,Bonang
8.73873873873874,120.23892201962023,MaMi.CoDi,mami.codi.m.1.t.2.h.0.l.-2.r.350,periodicity,#664433,Bonang
8.753753753753754,120.23184220168243,MaMi.CoDi,mami.codi.m.1.t.2.h.0.l.-2.r.350,periodicity,#664433,Bonang
8.76876876876877,120.22714042293171,MaMi.CoDi,mami.codi.m.1.t.2.h.0.l.-2.r.350,periodicity,#664433,Bonang
8.783783783783784,120.22467646022787,MaMi.CoDi,mami.codi.m.1.t.2.h.0.l.-2.r.350,periodicity,#664433,Bonang
8.7987987987988,120.22421484644295,MaMi.CoDi,mami.codi.m.1.t.2.h.0.l.-2.r.350,periodicity,#664433,Bonang
8.813813813813814,120.22543421014574,MaMi.CoDi,mami.codi.m.1.t.2.h.0.l.-2.r.350,periodicity,#664433,Bonang
8.82882882882883,120.22793882049179,MaMi.CoDi,mami.codi.m.1.t.2.h.0.l.-2.r.350,periodicity,#664433,Bonang
8.843843843843844,120.23127197928534,MaMi.CoDi,mami.codi.m.1.t.2.h.0.l.-2.r.350,periodicity,#664433,Bonang
8.85885885885886,120.23493087780241,MaMi.CoDi,mami.codi.m.1.t.2.h.0.l.-2.r.350,periodicity,#664433,Bonang
8.873873873873874,120.23838251802086,MaMi.CoDi,mami.codi.m.1.t.2.h.0.l.-2.r.350,periodicity,#664433,Bonang
8.88888888888889,120.24108028523419,MaMi.CoDi,mami.codi.m.1.t.2.h.0.l.-2.r.350,periodicity,#664433,Bonang
8.903903903903904,120.24248075111423,MaMi.CoDi,mami.codi.m.1.t.2.h.0.l.-2.r.350,periodicity,#664433,Bonang
8.91891891891892,120.24206028328148,MaMi.CoDi,mami.codi.m.1.t.2.h.0.l.-2.r.350,periodicity,#664433,Bonang
8.933933933933934,120.23933104016577,MaMi.CoDi,mami.codi.m.1.t.2.h.0.l.-2.r.350,periodicity,#664433,Bonang
8.94894894894895,120.23385593973313,MaMi.CoDi,mami.codi.m.1.t.2.h.0.l.-2.r.350,periodicity,#664433,Bonang
8.963963963963964,120.22526220914821,MaMi.CoDi,mami.codi.m.1.t.2.h.0.l.-2.r.350,periodicity,#664433,Bonang
8.97897897897898,120.2132531512936,MaMi.CoDi,mami.codi.m.1.t.2.h.0.l.-2.r.350,periodicity,#664433,Bonang
8.993993993993994,120.19761780460357,MaMi.CoDi,mami.codi.m.1.t.2.h.0.l.-2.r.350,periodicity,#664433,Bonang
9.00900900900901,120.1782382256445,MaMi.CoDi,mami.codi.m.1.t.2.h.0.l.-2.r.350,periodicity,#664433,Bonang
9.024024024024024,120.15509418913234,MaMi.CoDi,mami.codi.m.1.t.2.h.0.l.-2.r.350,periodicity,#664433,Bonang
9.03903903903904,120.12826517644216,MaMi.CoDi,mami.codi.m.1.t.2.h.0.l.-2.r.350,periodicity,#664433,Bonang
9.054054054054054,120.09792960884748,MaMi.CoDi,mami.codi.m.1.t.2.h.0.l.-2.r.350,periodicity,#664433,Bonang
9.06906906906907,120.06436137235049,MaMi.CoDi,mami.codi.m.1.t.2.h.0.l.-2.r.350,periodicity,#664433,Bonang
9.084084084084084,120.02792377279489,MaMi.CoDi,mami.codi.m.1.t.2.h.0.l.-2.r.350,periodicity,#664433,Bonang
9.0990990990991,119.9890611481453,MaMi.CoDi,mami.codi.m.1.t.2.h.0.l.-2.r.350,periodicity,#664433,Bonang
9.114114114114114,119.94828844430768,MaMi.CoDi,mami.codi.m.1.t.2.h.0.l.-2.r.350,periodicity,#664433,Bonang
9.12912912912913,119.90617912682247,MaMi.CoDi,mami.codi.m.1.t.2.h.0.l.-2.r.350,periodicity,#664433,Bonang
9.144144144144144,119.86335184898407,MaMi.CoDi,mami.codi.m.1.t.2.h.0.l.-2.r.350,periodicity,#664433,Bonang
9.15915915915916,119.82045632433545,MaMi.CoDi,mami.codi.m.1.t.2.h.0.l.-2.r.350,periodicity,#664433,Bonang
9.174174174174174,119.77815885631787,MaMi.CoDi,mami.codi.m.1.t.2.h.0.l.-2.r.350,periodicity,#664433,Bonang
9.18918918918919,119.73712796004403,MaMi.CoDi,mami.codi.m.1.t.2.h.0.l.-2.r.350,periodicity,#664433,Bonang
9.204204204204204,119.69802047230353,MaMi.CoDi,mami.codi.m.1.t.2.h.0.l.-2.r.350,periodicity,#664433,Bonang
9.21921921921922,119.66146848921609,MaMi.CoDi,mami.codi.m.1.t.2.h.0.l.-2.r.350,periodicity,#664433,Bonang
9.234234234234235,119.62806740103119,MaMi.CoDi,mami.codi.m.1.t.2.h.0.l.-2.r.350,periodicity,#664433,Bonang
9.24924924924925,119.59836521603637,MaMi.CoDi,mami.codi.m.1.t.2.h.0.l.-2.r.350,periodicity,#664433,Bonang
9.264264264264265,119.5728532865621,MaMi.CoDi,mami.codi.m.1.t.2.h.0.l.-2.r.350,periodicity,#664433,Bonang
9.27927927927928,119.55195847581325,MaMi.CoDi,mami.codi.m.1.t.2.h.0.l.-2.r.350,periodicity,#664433,Bonang
9.294294294294295,119.5360367403571,MaMi.CoDi,mami.codi.m.1.t.2.h.0.l.-2.r.350,periodicity,#664433,Bonang
9.30930930930931,119.52536805414144,MaMi.CoDi,mami.codi.m.1.t.2.h.0.l.-2.r.350,periodicity,#664433,Bonang
9.324324324324325,119.52015256901372,MaMi.CoDi,mami.codi.m.1.t.2.h.0.l.-2.r.350,periodicity,#664433,Bonang
9.33933933933934,119.52050789522168,MaMi.CoDi,mami.codi.m.1.t.2.h.0.l.-2.r.350,periodicity,#664433,Bonang
9.354354354354355,119.52646739276942,MaMi.CoDi,mami.codi.m.1.t.2.h.0.l.-2.r.350,periodicity,#664433,Bonang
9.36936936936937,119.53797938839314,MaMi.CoDi,mami.codi.m.1.t.2.h.0.l.-2.r.350,periodicity,#664433,Bonang
9.384384384384385,119.55490726930158,MaMi.CoDi,mami.codi.m.1.t.2.h.0.l.-2.r.350,periodicity,#664433,Bonang
9.3993993993994,119.57703044844428,MaMi.CoDi,mami.codi.m.1.t.2.h.0.l.-2.r.350,periodicity,#664433,Bonang
9.414414414414415,119.6040462408806,MaMi.CoDi,mami.codi.m.1.t.2.h.0.l.-2.r.350,periodicity,#664433,Bonang
9.42942942942943,119.63557273063942,MaMi.CoDi,mami.codi.m.1.t.2.h.0.l.-2.r.350,periodicity,#664433,Bonang
9.444444444444445,119.67115273644613,MaMi.CoDi,mami.codi.m.1.t.2.h.0.l.-2.r.350,periodicity,#664433,Bonang
9.45945945945946,119.71025899804886,MaMi.CoDi,mami.codi.m.1.t.2.h.0.l.-2.r.350,periodicity,#664433,Bonang
9.474474474474475,119.75230069919151,MaMi.CoDi,mami.codi.m.1.t.2.h.0.l.-2.r.350,periodicity,#664433,Bonang
9.48948948948949,119.79663141700617,MaMi.CoDi,mami.codi.m.1.t.2.h.0.l.-2.r.350,periodicity,#664433,Bonang
9.504504504504505,119.84255854113238,MaMi.CoDi,mami.codi.m.1.t.2.h.0.l.-2.r.350,periodicity,#664433,Bonang
9.51951951951952,119.88935414165068,MaMi.CoDi,mami.codi.m.1.t.2.h.0.l.-2.r.350,periodicity,#664433,Bonang
9.534534534534535,119.93626718717114,MaMi.CoDi,mami.codi.m.1.t.2.h.0.l.-2.r.350,periodicity,#664433,Bonang
9.54954954954955,119.9825369288801,MaMi.CoDi,mami.codi.m.1.t.2.h.0.l.-2.r.350,periodicity,#664433,Bonang
9.564564564564565,120.02740717972678,MaMi.CoDi,mami.codi.m.1.t.2.h.0.l.-2.r.350,periodicity,#664433,Bonang
9.57957957957958,120.07014113738128,MaMi.CoDi,mami.codi.m.1.t.2.h.0.l.-2.r.350,periodicity,#664433,Bonang
9.594594594594595,120.11003633205368,MaMi.CoDi,mami.codi.m.1.t.2.h.0.l.-2.r.350,periodicity,#664433,Bonang
9.60960960960961,120.14643923189091,MaMi.CoDi,mami.codi.m.1.t.2.h.0.l.-2.r.350,periodicity,#664433,Bonang
9.624624624624625,120.17875901427573,MaMi.CoDi,mami.codi.m.1.t.2.h.0.l.-2.r.350,periodicity,#664433,Bonang
9.63963963963964,120.20648001401216,MaMi.CoDi,mami.codi.m.1.t.2.h.0.l.-2.r.350,periodicity,#664433,Bonang
9.654654654654655,120.22917239014758,MaMi.CoDi,mami.codi.m.1.t.2.h.0.l.-2.r.350,periodicity,#664433,Bonang
9.66966966966967,120.24650061098302,MaMi.CoDi,mami.codi.m.1.t.2.h.0.l.-2.r.350,periodicity,#664433,Bonang
9.684684684684685,120.25822943858462,MaMi.CoDi,mami.codi.m.1.t.2.h.0.l.-2.r.350,periodicity,#664433,Bonang
9.6996996996997,120.2642271949696,MaMi.CoDi,mami.codi.m.1.t.2.h.0.l.-2.r.350,periodicity,#664433,Bonang
9.714714714714715,120.2644662058929,MaMi.CoDi,mami.codi.m.1.t.2.h.0.l.-2.r.350,periodicity,#664433,Bonang
9.72972972972973,120.25902043771987,MaMi.CoDi,mami.codi.m.1.t.2.h.0.l.-2.r.350,periodicity,#664433,Bonang
9.744744744744745,120.24806046088254,MaMi.CoDi,mami.codi.m.1.t.2.h.0.l.-2.r.350,periodicity,#664433,Bonang
9.75975975975976,120.2318459827897,MaMi.CoDi,mami.codi.m.1.t.2.h.0.l.-2.r.350,periodicity,#664433,Bonang
9.774774774774775,120.21071628753275,MaMi.CoDi,mami.codi.m.1.t.2.h.0.l.-2.r.350,periodicity,#664433,Bonang
9.78978978978979,120.18507899428543,MaMi.CoDi,mami.codi.m.1.t.2.h.0.l.-2.r.350,periodicity,#664433,Bonang
9.804804804804805,120.1553975974946,MaMi.CoDi,mami.codi.m.1.t.2.h.0.l.-2.r.350,periodicity,#664433,Bonang
9.81981981981982,120.1221782781251,MaMi.CoDi,mami.codi.m.1.t.2.h.0.l.-2.r.350,periodicity,#664433,Bonang
9.834834834834835,120.08595647642348,MaMi.CoDi,mami.codi.m.1.t.2.h.0.l.-2.r.350,periodicity,#664433,Bonang
9.84984984984985,120.0472836946228,MaMi.CoDi,mami.codi.m.1.t.2.h.0.l.-2.r.350,periodicity,#664433,Bonang
9.864864864864865,120.00671495583211,MaMi.CoDi,mami.codi.m.1.t.2.h.0.l.-2.r.350,periodicity,#664433,Bonang
9.87987987987988,119.96479728714498,MaMi.CoDi,mami.codi.m.1.t.2.h.0.l.-2.r.350,periodicity,#664433,Bonang
9.894894894894895,119.92205952551906,MaMi.CoDi,mami.codi.m.1.t.2.h.0.l.-2.r.350,periodicity,#664433,Bonang
9.90990990990991,119.87900366913426,MaMi.CoDi,mami.codi.m.1.t.2.h.0.l.-2.r.350,periodicity,#664433,Bonang
9.924924924924925,119.83609791943371,MaMi.CoDi,mami.codi.m.1.t.2.h.0.l.-2.r.350,periodicity,#664433,Bonang
9.93993993993994,119.79377148404048,MaMi.CoDi,mami.codi.m.1.t.2.h.0.l.-2.r.350,periodicity,#664433,Bonang
9.954954954954955,119.75241114153991,MaMi.CoDi,mami.codi.m.1.t.2.h.0.l.-2.r.350,periodicity,#664433,Bonang
9.96996996996997,119.71235950810566,MaMi.CoDi,mami.codi.m.1.t.2.h.0.l.-2.r.350,periodicity,#664433,Bonang
9.984984984984985,119.67391489447189,MaMi.CoDi,mami.codi.m.1.t.2.h.0.l.-2.r.350,periodicity,#664433,Bonang
10,119.63733260028494,MaMi.CoDi,mami.codi.m.1.t.2.h.0.l.-2.r.350,periodicity,#664433,Bonang
10.015015015015015,119.6028274610439,MaMi.CoDi,mami.codi.m.1.t.2.h.0.l.-2.r.350,periodicity,#664433,Bonang
10.03003003003003,119.5705774397874,MaMi.CoDi,mami.codi.m.1.t.2.h.0.l.-2.r.350,periodicity,#664433,Bonang
10.045045045045045,119.54072804020954,MaMi.CoDi,mami.codi.m.1.t.2.h.0.l.-2.r.350,periodicity,#664433,Bonang
10.06006006006006,119.51339730872058,MaMi.CoDi,mami.codi.m.1.t.2.h.0.l.-2.r.350,periodicity,#664433,Bonang
10.075075075075075,119.48868118903043,MaMi.CoDi,mami.codi.m.1.t.2.h.0.l.-2.r.350,periodicity,#664433,Bonang
10.09009009009009,119.46665899334475,MaMi.CoDi,mami.codi.m.1.t.2.h.0.l.-2.r.350,periodicity,#664433,Bonang
10.105105105105105,119.44739875887245,MaMi.CoDi,mami.codi.m.1.t.2.h.0.l.-2.r.350,periodicity,#664433,Bonang
10.12012012012012,119.43096226713098,MaMi.CoDi,mami.codi.m.1.t.2.h.0.l.-2.r.350,periodicity,#664433,Bonang
10.135135135135135,119.4174095169451,MaMi.CoDi,mami.codi.m.1.t.2.h.0.l.-2.r.350,periodicity,#664433,Bonang
10.15015015015015,119.406802460748,MaMi.CoDi,mami.codi.m.1.t.2.h.0.l.-2.r.350,periodicity,#664433,Bonang
10.165165165165165,119.39920783856292,MaMi.CoDi,mami.codi.m.1.t.2.h.0.l.-2.r.350,periodicity,#664433,Bonang
10.18018018018018,119.39469897546248,MaMi.CoDi,mami.codi.m.1.t.2.h.0.l.-2.r.350,periodicity,#664433,Bonang
10.195195195195195,119.39335644663468,MaMi.CoDi,mami.codi.m.1.t.2.h.0.l.-2.r.350,periodicity,#664433,Bonang
10.21021021021021,119.3952675591703,MaMi.CoDi,mami.codi.m.1.t.2.h.0.l.-2.r.350,periodicity,#664433,Bonang
10.225225225225225,119.40052465042056,MaMi.CoDi,mami.codi.m.1.t.2.h.0.l.-2.r.350,periodicity,#664433,Bonang
10.24024024024024,119.40922225765581,MaMi.CoDi,mami.codi.m.1.t.2.h.0.l.-2.r.350,periodicity,#664433,Bonang
10.255255255255255,119.42145327049579,MaMi.CoDi,mami.codi.m.1.t.2.h.0.l.-2.r.350,periodicity,#664433,Bonang
10.27027027027027,119.43730423331037,MaMi.CoDi,mami.codi.m.1.t.2.h.0.l.-2.r.350,periodicity,#664433,Bonang
10.285285285285285,119.45685001622584,MaMi.CoDi,mami.codi.m.1.t.2.h.0.l.-2.r.350,periodicity,#664433,Bonang
10.3003003003003,119.48014811704603,MaMi.CoDi,mami.codi.m.1.t.2.h.0.l.-2.r.350,periodicity,#664433,Bonang
10.315315315315315,119.50723288894451,MaMi.CoDi,mami.codi.m.1.t.2.h.0.l.-2.r.350,periodicity,#664433,Bonang
10.33033033033033,119.53811000721092,MaMi.CoDi,mami.codi.m.1.t.2.h.0.l.-2.r.350,periodicity,#664433,Bonang
10.345345345345345,119.5727514903161,MaMi.CoDi,mami.codi.m.1.t.2.h.0.l.-2.r.350,periodicity,#664433,Bonang
10.36036036036036,119.61109157468546,MaMi.CoDi,mami.codi.m.1.t.2.h.0.l.-2.r.350,periodicity,#664433,Bonang
10.375375375375375,119.65302370851492,MaMi.CoDi,mami.codi.m.1.t.2.h.0.l.-2.r.350,periodicity,#664433,Bonang
10.39039039039039,119.69839887863564,MaMi.CoDi,mami.codi.m.1.t.2.h.0.l.-2.r.350,periodicity,#664433,Bonang
10.405405405405405,119.7470254179488,MaMi.CoDi,mami.codi.m.1.t.2.h.0.l.-2.r.350,periodicity,#664433,Bonang
10.42042042042042,119.79867036262122,MaMi.CoDi,mami.codi.m.1.t.2.h.0.l.-2.r.350,periodicity,#664433,Bonang
10.435435435435435,119.85306234232094,MaMi.CoDi,mami.codi.m.1.t.2.h.0.l.-2.r.350,periodicity,#664433,Bonang
10.45045045045045,119.90989589834336,MaMi.CoDi,mami.codi.m.1.t.2.h.0.l.-2.r.350,periodicity,#664433,Bonang
10.465465465465465,119.96883703896317,MaMi.CoDi,mami.codi.m.1.t.2.h.0.l.-2.r.350,periodicity,#664433,Bonang
10.48048048048048,120.02952976430402,MaMi.CoDi,mami.codi.m.1.t.2.h.0.l.-2.r.350,periodicity,#664433,Bonang
10.495495495495495,120.09160322962828,MaMi.CoDi,mami.codi.m.1.t.2.h.0.l.-2.r.350,periodicity,#664433,Bonang
10.51051051051051,120.15467917074658,MaMi.CoDi,mami.codi.m.1.t.2.h.0.l.-2.r.350,periodicity,#664433,Bonang
10.525525525525525,120.21837919170501,MaMi.CoDi,mami.codi.m.1.t.2.h.0.l.-2.r.350,periodicity,#664433,Bonang
10.54054054054054,120.2823315152041,MaMi.CoDi,mami.codi.m.1.t.2.h.0.l.-2.r.350,periodicity,#664433,Bonang
10.555555555555555,120.34617682102389,MaMi.CoDi,mami.codi.m.1.t.2.h.0.l.-2.r.350,periodicity,#664433,Bonang
10.57057057057057,120.40957284616202,MaMi.CoDi,mami.codi.m.1.t.2.h.0.l.-2.r.350,periodicity,#664433,Bonang
10.585585585585585,120.4721974899791,MaMi.CoDi,mami.codi.m.1.t.2.h.0.l.-2.r.350,periodicity,#664433,Bonang
10.6006006006006,120.53375025447973,MaMi.CoDi,mami.codi.m.1.t.2.h.0.l.-2.r.350,periodicity,#664433,Bonang
10.615615615615615,120.59395194885822,MaMi.CoDi,mami.codi.m.1.t.2.h.0.l.-2.r.350,periodicity,#664433,Bonang
10.63063063063063,120.65254269263332,MaMi.CoDi,mami.codi.m.1.t.2.h.0.l.-2.r.350,periodicity,#664433,Bonang
10.645645645645645,120.7092783566463,MaMi.CoDi,mami.codi.m.1.t.2.h.0.l.-2.r.350,periodicity,#664433,Bonang
10.66066066066066,120.76392567939035,MaMi.CoDi,mami.codi.m.1.t.2.h.0.l.-2.r.350,periodicity,#664433,Bonang
10.675675675675675,120.81625638146954,MaMi.CoDi,mami.codi.m.1.t.2.h.0.l.-2.r.350,periodicity,#664433,Bonang
10.69069069069069,120.8660406680884,MaMi.CoDi,mami.codi.m.1.t.2.h.0.l.-2.r.350,periodicity,#664433,Bonang
10.705705705705705,120.91304055417459,MaMi.CoDi,mami.codi.m.1.t.2.h.0.l.-2.r.350,periodicity,#664433,Bonang
10.72072072072072,120.95700346623715,MaMi.CoDi,mami.codi.m.1.t.2.h.0.l.-2.r.350,periodicity,#664433,Bonang
10.735735735735735,120.99765656818101,MaMi.CoDi,mami.codi.m.1.t.2.h.0.l.-2.r.350,periodicity,#664433,Bonang
10.75075075075075,121.03470222548766,MaMi.CoDi,mami.codi.m.1.t.2.h.0.l.-2.r.350,periodicity,#664433,Bonang
10.765765765765765,121.06781496551008,MaMi.CoDi,mami.codi.m.1.t.2.h.0.l.-2.r.350,periodicity,#664433,Bonang
10.78078078078078,121.09664021461948,MaMi.CoDi,mami.codi.m.1.t.2.h.0.l.-2.r.350,periodicity,#664433,Bonang
10.795795795795796,121.12079500028608,MaMi.CoDi,mami.codi.m.1.t.2.h.0.l.-2.r.350,periodicity,#664433,Bonang
10.81081081081081,121.13987070343873,MaMi.CoDi,mami.codi.m.1.t.2.h.0.l.-2.r.350,periodicity,#664433,Bonang
10.825825825825826,121.15343783966395,MaMi.CoDi,mami.codi.m.1.t.2.h.0.l.-2.r.350,periodicity,#664433,Bonang
10.84084084084084,121.16105274309591,MaMi.CoDi,mami.codi.m.1.t.2.h.0.l.-2.r.350,periodicity,#664433,Bonang
10.855855855855856,121.16226593002933,MaMi.CoDi,mami.codi.m.1.t.2.h.0.l.-2.r.350,periodicity,#664433,Bonang
10.87087087087087,121.15663183550554,MaMi.CoDi,mami.codi.m.1.t.2.h.0.l.-2.r.350,periodicity,#664433,Bonang
10.885885885885886,121.1437195495568,MaMi.CoDi,mami.codi.m.1.t.2.h.0.l.-2.r.350,periodicity,#664433,Bonang
10.9009009009009,121.12312413348884,MaMi.CoDi,mami.codi.m.1.t.2.h.0.l.-2.r.350,periodicity,#664433,Bonang
10.915915915915916,121.09447807221304,MaMi.CoDi,mami.codi.m.1.t.2.h.0.l.-2.r.350,periodicity,#664433,Bonang
10.93093093093093,121.05746241661573,MaMi.CoDi,mami.codi.m.1.t.2.h.0.l.-2.r.350,periodicity,#664433,Bonang
10.945945945945946,121.01181718934905,MaMi.CoDi,mami.codi.m.1.t.2.h.0.l.-2.r.350,periodicity,#664433,Bonang
10.96096096096096,120.95735066618282,MaMi.CoDi,mami.codi.m.1.t.2.h.0.l.-2.r.350,periodicity,#664433,Bonang
10.975975975975976,120.8939472001685,MaMi.CoDi,mami.codi.m.1.t.2.h.0.l.-2.r.350,periodicity,#664433,Bonang
10.99099099099099,120.82157332360585,MaMi.CoDi,mami.codi.m.1.t.2.h.0.l.-2.r.350,periodicity,#664433,Bonang
11.006006006006006,120.74028193901647,MaMi.CoDi,mami.codi.m.1.t.2.h.0.l.-2.r.350,periodicity,#664433,Bonang
11.02102102102102,120.65021449071057,MaMi.CoDi,mami.codi.m.1.t.2.h.0.l.-2.r.350,periodicity,#664433,Bonang
11.036036036036036,120.55160108886244,MaMi.CoDi,mami.codi.m.1.t.2.h.0.l.-2.r.350,periodicity,#664433,Bonang
11.05105105105105,120.4447586344517,MaMi.CoDi,mami.codi.m.1.t.2.h.0.l.-2.r.350,periodicity,#664433,Bonang
11.066066066066066,120.33008706263006,MaMi.CoDi,mami.codi.m.1.t.2.h.0.l.-2.r.350,periodicity,#664433,Bonang
11.08108108108108,120.2080638814248,MaMi.CoDi,mami.codi.m.1.t.2.h.0.l.-2.r.350,periodicity,#664433,Bonang
11.096096096096096,120.07923723030297,MaMi.CoDi,mami.codi.m.1.t.2.h.0.l.-2.r.350,periodicity,#664433,Bonang
11.11111111111111,119.94421771793948,MaMi.CoDi,mami.codi.m.1.t.2.h.0.l.-2.r.350,periodicity,#664433,Bonang
11.126126126126126,119.80366932025703,MaMi.CoDi,mami.codi.m.1.t.2.h.0.l.-2.r.350,periodicity,#664433,Bonang
11.14114114114114,119.65829962888546,MaMi.CoDi,mami.codi.m.1.t.2.h.0.l.-2.r.350,periodicity,#664433,Bonang
11.156156156156156,119.5088497376265,MaMi.CoDi,mami.codi.m.1.t.2.h.0.l.-2.r.350,periodicity,#664433,Bonang
11.17117117117117,119.35608404185332,MaMi.CoDi,mami.codi.m.1.t.2.h.0.l.-2.r.350,periodicity,#664433,Bonang
11.186186186186186,119.20078020481658,MaMi.CoDi,mami.codi.m.1.t.2.h.0.l.-2.r.350,periodicity,#664433,Bonang
11.2012012012012,119.04371951761678,MaMi.CoDi,mami.codi.m.1.t.2.h.0.l.-2.r.350,periodicity,#664433,Bonang
11.216216216216216,118.8856778481192,MaMi.CoDi,mami.codi.m.1.t.2.h.0.l.-2.r.350,periodicity,#664433,Bonang
11.23123123123123,118.72741734028314,MaMi.CoDi,mami.codi.m.1.t.2.h.0.l.-2.r.350,periodicity,#664433,Bonang
11.246246246246246,118.5696789909094,MaMi.CoDi,mami.codi.m.1.t.2.h.0.l.-2.r.350,periodicity,#664433,Bonang
11.26126126126126,118.41317619707395,MaMi.CoDi,mami.codi.m.1.t.2.h.0.l.-2.r.350,periodicity,#664433,Bonang
11.276276276276276,118.25858933553157,MaMi.CoDi,mami.codi.m.1.t.2.h.0.l.-2.r.350,periodicity,#664433,Bonang
11.29129129129129,118.10656140578035,MaMi.CoDi,mami.codi.m.1.t.2.h.0.l.-2.r.350,periodicity,#664433,Bonang
11.306306306306306,117.95769474159172,MaMi.CoDi,mami.codi.m.1.t.2.h.0.l.-2.r.350,periodicity,#664433,Bonang
11.32132132132132,117.81254877159834,MaMi.CoDi,mami.codi.m.1.t.2.h.0.l.-2.r.350,periodicity,#664433,Bonang
11.336336336336336,117.67163878774964,MaMi.CoDi,mami.codi.m.1.t.2.h.0.l.-2.r.350,periodicity,#664433,Bonang
11.35135135135135,117.53543566069962,MaMi.CoDi,mami.codi.m.1.t.2.h.0.l.-2.r.350,periodicity,#664433,Bonang
11.366366366366366,117.4043664230195,MaMi.CoDi,mami.codi.m.1.t.2.h.0.l.-2.r.350,periodicity,#664433,Bonang
11.381381381381381,117.2788156241174,MaMi.CoDi,mami.codi.m.1.t.2.h.0.l.-2.r.350,periodicity,#664433,Bonang
11.396396396396396,117.15912734463012,MaMi.CoDi,mami.codi.m.1.t.2.h.0.l.-2.r.350,periodicity,#664433,Bonang
11.411411411411411,117.04560774273043,MaMi.CoDi,mami.codi.m.1.t.2.h.0.l.-2.r.350,periodicity,#664433,Bonang
11.426426426426426,116.93852799044633,MaMi.CoDi,mami.codi.m.1.t.2.h.0.l.-2.r.350,periodicity,#664433,Bonang
11.441441441441441,116.83812744514249,MaMi.CoDi,mami.codi.m.1.t.2.h.0.l.-2.r.350,periodicity,#664433,Bonang
11.456456456456456,116.74461689047534,MaMi.CoDi,mami.codi.m.1.t.2.h.0.l.-2.r.350,periodicity,#664433,Bonang
11.471471471471471,116.65818167330185,MaMi.CoDi,mami.codi.m.1.t.2.h.0.l.-2.r.350,periodicity,#664433,Bonang
11.486486486486486,116.578984559281,MaMi.CoDi,mami.codi.m.1.t.2.h.0.l.-2.r.350,periodicity,#664433,Bonang
11.501501501501501,116.50716813138706,MaMi.CoDi,mami.codi.m.1.t.2.h.0.l.-2.r.350,periodicity,#664433,Bonang
11.516516516516516,116.44285656335788,MaMi.CoDi,mami.codi.m.1.t.2.h.0.l.-2.r.350,periodicity,#664433,Bonang
11.531531531531531,116.38615661518241,MaMi.CoDi,mami.codi.m.1.t.2.h.0.l.-2.r.350,periodicity,#664433,Bonang
11.546546546546546,116.33715772077997,MaMi.CoDi,mami.codi.m.1.t.2.h.0.l.-2.r.350,periodicity,#664433,Bonang
11.561561561561561,116.29593106936532,MaMi.CoDi,mami.codi.m.1.t.2.h.0.l.-2.r.350,periodicity,#664433,Bonang
11.576576576576576,116.26252762150921,MaMi.CoDi,mami.codi.m.1.t.2.h.0.l.-2.r.350,periodicity,#664433,Bonang
11.591591591591591,116.23697504793492,MaMi.CoDi,mami.codi.m.1.t.2.h.0.l.-2.r.350,periodicity,#664433,Bonang
11.606606606606606,116.21927363246026,MaMi.CoDi,mami.codi.m.1.t.2.h.0.l.-2.r.350,periodicity,#664433,Bonang
11.621621621621621,116.20939123843104,MaMi.CoDi,mami.codi.m.1.t.2.h.0.l.-2.r.350,periodicity,#664433,Bonang
11.636636636636636,116.20725749823433,MaMi.CoDi,mami.codi.m.1.t.2.h.0.l.-2.r.350,periodicity,#664433,Bonang
11.651651651651651,116.21275744530044,MaMi.CoDi,mami.codi.m.1.t.2.h.0.l.-2.r.350,periodicity,#664433,Bonang
11.666666666666666,116.22572486433221,MaMi.CoDi,mami.codi.m.1.t.2.h.0.l.-2.r.350,periodicity,#664433,Bonang
11.681681681681681,116.2459356850702,MaMi.CoDi,mami.codi.m.1.t.2.h.0.l.-2.r.350,periodicity,#664433,Bonang
11.696696696696696,116.27310178440258,MaMi.CoDi,mami.codi.m.1.t.2.h.0.l.-2.r.350,periodicity,#664433,Bonang
11.711711711711711,116.30686558789421,MaMi.CoDi,mami.codi.m.1.t.2.h.0.l.-2.r.350,periodicity,#664433,Bonang
11.726726726726726,116.3467958720405,MaMi.CoDi,mami.codi.m.1.t.2.h.0.l.-2.r.350,periodicity,#664433,Bonang
11.741741741741741,116.39238516046395,MaMi.CoDi,mami.codi.m.1.t.2.h.0.l.-2.r.350,periodicity,#664433,Bonang
11.756756756756756,116.44304907936267,MaMi.CoDi,mami.codi.m.1.t.2.h.0.l.-2.r.350,periodicity,#664433,Bonang
11.771771771771771,116.49812798913128,MaMi.CoDi,mami.codi.m.1.t.2.h.0.l.-2.r.350,periodicity,#664433,Bonang
11.786786786786786,116.55689114063792,MaMi.CoDi,mami.codi.m.1.t.2.h.0.l.-2.r.350,periodicity,#664433,Bonang
11.801801801801801,116.61854351764566,MaMi.CoDi,mami.codi.m.1.t.2.h.0.l.-2.r.350,periodicity,#664433,Bonang
11.816816816816816,116.68223542396758,MaMi.CoDi,mami.codi.m.1.t.2.h.0.l.-2.r.350,periodicity,#664433,Bonang
11.831831831831831,116.74707475887959,MaMi.CoDi,mami.codi.m.1.t.2.h.0.l.-2.r.350,periodicity,#664433,Bonang
11.846846846846846,116.8121418017898,MaMi.CoDi,mami.codi.m.1.t.2.h.0.l.-2.r.350,periodicity,#664433,Bonang
11.861861861861861,116.87650620269294,MaMi.CoDi,mami.codi.m.1.t.2.h.0.l.-2.r.350,periodicity,#664433,Bonang
11.876876876876876,116.93924575458149,MaMi.CoDi,mami.codi.m.1.t.2.h.0.l.-2.r.350,periodicity,#664433,Bonang
11.891891891891891,116.99946641404885,MaMi.CoDi,mami.codi.m.1.t.2.h.0.l.-2.r.350,periodicity,#664433,Bonang
11.906906906906906,117.05632294303598,MaMi.CoDi,mami.codi.m.1.t.2.h.0.l.-2.r.350,periodicity,#664433,Bonang
11.921921921921921,117.1090394738032,MaMi.CoDi,mami.codi.m.1.t.2.h.0.l.-2.r.350,periodicity,#664433,Bonang
11.936936936936936,117.15692925574612,MaMi.CoDi,mami.codi.m.1.t.2.h.0.l.-2.r.350,periodicity,#664433,Bonang
11.951951951951951,117.1994128304418,MaMi.CoDi,mami.codi.m.1.t.2.h.0.l.-2.r.350,periodicity,#664433,Bonang
11.966966966966966,117.23603390273078,MaMi.CoDi,mami.codi.m.1.t.2.h.0.l.-2.r.350,periodicity,#664433,Bonang
11.981981981981981,117.26647223150843,MaMi.CoDi,mami.codi.m.1.t.2.h.0.l.-2.r.350,periodicity,#664433,Bonang
11.996996996996996,117.29055295322166,MaMi.CoDi,mami.codi.m.1.t.2.h.0.l.-2.r.350,periodicity,#664433,Bonang
12.012012012012011,117.3082518710789,MaMi.CoDi,mami.codi.m.1.t.2.h.0.l.-2.r.350,periodicity,#664433,Bonang
12.027027027027026,117.31969638919887,MaMi.CoDi,mami.codi.m.1.t.2.h.0.l.-2.r.350,periodicity,#664433,Bonang
12.042042042042041,117.32516193729745,MaMi.CoDi,mami.codi.m.1.t.2.h.0.l.-2.r.350,periodicity,#664433,Bonang
12.057057057057056,117.3250639107604,MaMi.CoDi,mami.codi.m.1.t.2.h.0.l.-2.r.350,periodicity,#664433,Bonang
12.072072072072071,117.31994533484436,MaMi.CoDi,mami.codi.m.1.t.2.h.0.l.-2.r.350,periodicity,#664433,Bonang
12.087087087087086,117.31046064159291,MaMi.CoDi,mami.codi.m.1.t.2.h.0.l.-2.r.350,periodicity,#664433,Bonang
12.102102102102101,117.2973561150938,MaMi.CoDi,mami.codi.m.1.t.2.h.0.l.-2.r.350,periodicity,#664433,Bonang
12.117117117117116,117.2814477066262,MaMi.CoDi,mami.codi.m.1.t.2.h.0.l.-2.r.350,periodicity,#664433,Bonang
12.132132132132131,117.26359703859792,MaMi.CoDi,mami.codi.m.1.t.2.h.0.l.-2.r.350,periodicity,#664433,Bonang
12.147147147147146,117.2446864988152,MaMi.CoDi,mami.codi.m.1.t.2.h.0.l.-2.r.350,periodicity,#664433,Bonang
12.162162162162161,117.2255943700229,MaMi.CoDi,mami.codi.m.1.t.2.h.0.l.-2.r.350,periodicity,#664433,Bonang
12.177177177177176,117.20717094117751,MaMi.CoDi,mami.codi.m.1.t.2.h.0.l.-2.r.350,periodicity,#664433,Bonang
12.192192192192191,117.19021650598118,MaMi.CoDi,mami.codi.m.1.t.2.h.0.l.-2.r.350,periodicity,#664433,Bonang
12.207207207207206,117.17546207233143,MaMi.CoDi,mami.codi.m.1.t.2.h.0.l.-2.r.350,periodicity,#664433,Bonang
12.222222222222221,117.16355348707518,MaMi.CoDi,mami.codi.m.1.t.2.h.0.l.-2.r.350,periodicity,#664433,Bonang
12.237237237237236,117.15503952923613,MaMi.CoDi,mami.codi.m.1.t.2.h.0.l.-2.r.350,periodicity,#664433,Bonang
12.252252252252251,117.1503643487321,MaMi.CoDi,mami.codi.m.1.t.2.h.0.l.-2.r.350,periodicity,#664433,Bonang
12.267267267267266,117.14986443480319,MaMi.CoDi,mami.codi.m.1.t.2.h.0.l.-2.r.350,periodicity,#664433,Bonang
12.282282282282281,117.15377009805387,MaMi.CoDi,mami.codi.m.1.t.2.h.0.l.-2.r.350,periodicity,#664433,Bonang
12.297297297297296,117.16221125166798,MaMi.CoDi,mami.codi.m.1.t.2.h.0.l.-2.r.350,periodicity,#664433,Bonang
12.312312312312311,117.17522709037145,MaMi.CoDi,mami.codi.m.1.t.2.h.0.l.-2.r.350,periodicity,#664433,Bonang
12.327327327327327,117.19277909890862,MaMi.CoDi,mami.codi.m.1.t.2.h.0.l.-2.r.350,periodicity,#664433,Bonang
12.342342342342342,117.21476668292138,MaMi.CoDi,mami.codi.m.1.t.2.h.0.l.-2.r.350,periodicity,#664433,Bonang
12.357357357357357,117.2410446105582,MaMi.CoDi,mami.codi.m.1.t.2.h.0.l.-2.r.350,periodicity,#664433,Bonang
12.372372372372372,117.27144138747,MaMi.CoDi,mami.codi.m.1.t.2.h.0.l.-2.r.350,periodicity,#664433,Bonang
12.387387387387387,117.30577766375441,MaMi.CoDi,mami.codi.m.1.t.2.h.0.l.-2.r.350,periodicity,#664433,Bonang
12.402402402402402,117.34388378941443,MaMi.CoDi,mami.codi.m.1.t.2.h.0.l.-2.r.350,periodicity,#664433,Bonang
12.417417417417417,117.3856156934922,MaMi.CoDi,mami.codi.m.1.t.2.h.0.l.-2.r.350,periodicity,#664433,Bonang
12.432432432432432,117.43086835767053,MaMi.CoDi,mami.codi.m.1.t.2.h.0.l.-2.r.350,periodicity,#664433,Bonang
12.447447447447447,117.47958628249947,MaMi.CoDi,mami.codi.m.1.t.2.h.0.l.-2.r.350,periodicity,#664433,Bonang
12.462462462462462,117.53177049670968,MaMi.CoDi,mami.codi.m.1.t.2.h.0.l.-2.r.350,periodicity,#664433,Bonang
12.477477477477477,117.58748182942101,MaMi.CoDi,mami.codi.m.1.t.2.h.0.l.-2.r.350,periodicity,#664433,Bonang
12.492492492492492,117.64684034290174,MaMi.CoDi,mami.codi.m.1.t.2.h.0.l.-2.r.350,periodicity,#664433,Bonang
12.507507507507507,117.71002100114443,MaMi.CoDi,mami.codi.m.1.t.2.h.0.l.-2.r.350,periodicity,#664433,Bonang
12.522522522522522,117.77724581843047,MaMi.CoDi,mami.codi.m.1.t.2.h.0.l.-2.r.350,periodicity,#664433,Bonang
12.537537537537537,117.84877288452019,MaMi.CoDi,mami.codi.m.1.t.2.h.0.l.-2.r.350,periodicity,#664433,Bonang
12.552552552552552,117.92488279249906,MaMi.CoDi,mami.codi.m.1.t.2.h.0.l.-2.r.350,periodicity,#664433,Bonang
12.567567567567567,118.00586309642229,MaMi.CoDi,mami.codi.m.1.t.2.h.0.l.-2.r.350,periodicity,#664433,Bonang
12.582582582582582,118.09199149517556,MaMi.CoDi,mami.codi.m.1.t.2.h.0.l.-2.r.350,periodicity,#664433,Bonang
12.597597597597597,118.18351847461723,MaMi.CoDi,mami.codi.m.1.t.2.h.0.l.-2.r.350,periodicity,#664433,Bonang
12.612612612612612,118.28065014208127,MaMi.CoDi,mami.codi.m.1.t.2.h.0.l.-2.r.350,periodicity,#664433,Bonang
12.627627627627627,118.38353195737174,MaMi.CoDi,mami.codi.m.1.t.2.h.0.l.-2.r.350,periodicity,#664433,Bonang
12.642642642642642,118.49223400565975,MaMi.CoDi,mami.codi.m.1.t.2.h.0.l.-2.r.350,periodicity,#664433,Bonang
12.657657657657657,118.60673837460861,MaMi.CoDi,mami.codi.m.1.t.2.h.0.l.-2.r.350,periodicity,#664433,Bonang
12.672672672672672,118.72692909593918,MaMi.CoDi,mami.codi.m.1.t.2.h.0.l.-2.r.350,periodicity,#664433,Bonang
12.687687687687687,118.85258499638874,MaMi.CoDi,mami.codi.m.1.t.2.h.0.l.-2.r.350,periodicity,#664433,Bonang
12.702702702702702,118.98337568068278,MaMi.CoDi,mami.codi.m.1.t.2.h.0.l.-2.r.350,periodicity,#664433,Bonang
12.717717717717717,119.11886074566243,MaMi.CoDi,mami.codi.m.1.t.2.h.0.l.-2.r.350,periodicity,#664433,Bonang
12.732732732732732,119.25849220550818,MaMi.CoDi,mami.codi.m.1.t.2.h.0.l.-2.r.350,periodicity,#664433,Bonang
12.747747747747747,119.40161999781769,MaMi.CoDi,mami.codi.m.1.t.2.h.0.l.-2.r.350,periodicity,#664433,Bonang
12.762762762762762,119.54750034290929,MaMi.CoDi,mami.codi.m.1.t.2.h.0.l.-2.r.350,periodicity,#664433,Bonang
12.777777777777777,119.69530664692235,MaMi.CoDi,mami.codi.m.1.t.2.h.0.l.-2.r.350,periodicity,#664433,Bonang
12.792792792792792,119.84414257478647,MaMi.CoDi,mami.codi.m.1.t.2.h.0.l.-2.r.350,periodicity,#664433,Bonang
12.807807807807807,119.9930568726285,MaMi.CoDi,mami.codi.m.1.t.2.h.0.l.-2.r.350,periodicity,#664433,Bonang
12.822822822822824,120.14105949047632,MaMi.CoDi,mami.codi.m.1.t.2.h.0.l.-2.r.350,periodicity,#664433,Bonang
12.837837837837839,120.2871385442089,MaMi.CoDi,mami.codi.m.1.t.2.h.0.l.-2.r.350,periodicity,#664433,Bonang
12.852852852852854,120.43027765903494,MaMi.CoDi,mami.codi.m.1.t.2.h.0.l.-2.r.350,periodicity,#664433,Bonang
12.867867867867869,120.56947325341126,MaMi.CoDi,mami.codi.m.1.t.2.h.0.l.-2.r.350,periodicity,#664433,Bonang
12.882882882882884,120.70375135005904,MaMi.CoDi,mami.codi.m.1.t.2.h.0.l.-2.r.350,periodicity,#664433,Bonang
12.897897897897899,120.832183537445,MaMi.CoDi,mami.codi.m.1.t.2.h.0.l.-2.r.350,periodicity,#664433,Bonang
12.912912912912914,120.9539017486511,MaMi.CoDi,mami.codi.m.1.t.2.h.0.l.-2.r.350,periodicity,#664433,Bonang
12.927927927927929,121.0681115730881,MaMi.CoDi,mami.codi.m.1.t.2.h.0.l.-2.r.350,periodicity,#664433,Bonang
12.942942942942944,121.17410386836228,MaMi.CoDi,mami.codi.m.1.t.2.h.0.l.-2.r.350,periodicity,#664433,Bonang
12.957957957957959,121.27126449338888,MaMi.CoDi,mami.codi.m.1.t.2.h.0.l.-2.r.350,periodicity,#664433,Bonang
12.972972972972974,121.35908203838135,MaMi.CoDi,mami.codi.m.1.t.2.h.0.l.-2.r.350,periodicity,#664433,Bonang
12.987987987987989,121.43715348161723,MaMi.CoDi,mami.codi.m.1.t.2.h.0.l.-2.r.350,periodicity,#664433,Bonang
13.003003003003004,121.50518775596501,MaMi.CoDi,mami.codi.m.1.t.2.h.0.l.-2.r.350,periodicity,#664433,Bonang
13.018018018018019,121.56300725912615,MaMi.CoDi,mami.codi.m.1.t.2.h.0.l.-2.r.350,periodicity,#664433,Bonang
13.033033033033034,121.61054738945903,MaMi.CoDi,mami.codi.m.1.t.2.h.0.l.-2.r.350,periodicity,#664433,Bonang
13.048048048048049,121.64785423303297,MaMi.CoDi,mami.codi.m.1.t.2.h.0.l.-2.r.350,periodicity,#664433,Bonang
13.063063063063064,121.675080566098,MaMi.CoDi,mami.codi.m.1.t.2.h.0.l.-2.r.350,periodicity,#664433,Bonang
13.078078078078079,121.69248036922883,MaMi.CoDi,mami.codi.m.1.t.2.h.0.l.-2.r.350,periodicity,#664433,Bonang
13.093093093093094,121.70040207383359,MaMi.CoDi,mami.codi.m.1.t.2.h.0.l.-2.r.350,periodicity,#664433,Bonang
13.108108108108109,121.69928077740401,MaMi.CoDi,mami.codi.m.1.t.2.h.0.l.-2.r.350,periodicity,#664433,Bonang
13.123123123123124,121.68962966997992,MaMi.CoDi,mami.codi.m.1.t.2.h.0.l.-2.r.350,periodicity,#664433,Bonang
13.138138138138139,121.67203091027415,MaMi.CoDi,mami.codi.m.1.t.2.h.0.l.-2.r.350,periodicity,#664433,Bonang
13.153153153153154,121.64712617572772,MaMi.CoDi,mami.codi.m.1.t.2.h.0.l.-2.r.350,periodicity,#664433,Bonang
13.168168168168169,121.61560708695364,MaMi.CoDi,mami.codi.m.1.t.2.h.0.l.-2.r.350,periodicity,#664433,Bonang
13.183183183183184,121.57820567475069,MaMi.CoDi,mami.codi.m.1.t.2.h.0.l.-2.r.350,periodicity,#664433,Bonang
13.198198198198199,121.53568501891411,MaMi.CoDi,mami.codi.m.1.t.2.h.0.l.-2.r.350,periodicity,#664433,Bonang
13.213213213213214,121.48883014483708,MaMi.CoDi,mami.codi.m.1.t.2.h.0.l.-2.r.350,periodicity,#664433,Bonang
13.228228228228229,121.43843921926887,MaMi.CoDi,mami.codi.m.1.t.2.h.0.l.-2.r.350,periodicity,#664433,Bonang
13.243243243243244,121.38531504378582,MaMi.CoDi,mami.codi.m.1.t.2.h.0.l.-2.r.350,periodicity,#664433,Bonang
13.258258258258259,121.33025680686018,MaMi.CoDi,mami.codi.m.1.t.2.h.0.l.-2.r.350,periodicity,#664433,Bonang
13.273273273273274,121.27405202610223,MaMi.CoDi,mami.codi.m.1.t.2.h.0.l.-2.r.350,periodicity,#664433,Bonang
13.288288288288289,121.21746859408181,MaMi.CoDi,mami.codi.m.1.t.2.h.0.l.-2.r.350,periodicity,#664433,Bonang
13.303303303303304,121.16124683632273,MaMi.CoDi,mami.codi.m.1.t.2.h.0.l.-2.r.350,periodicity,#664433,Bonang
13.318318318318319,121.10609149987107,MaMi.CoDi,mami.codi.m.1.t.2.h.0.l.-2.r.350,periodicity,#664433,Bonang
13.333333333333334,121.05266361554592,MaMi.CoDi,mami.codi.m.1.t.2.h.0.l.-2.r.350,periodicity,#664433,Bonang
13.348348348348349,121.00157221567754,MaMi.CoDi,mami.codi.m.1.t.2.h.0.l.-2.r.350,periodicity,#664433,Bonang
13.363363363363364,120.95336593973767,MaMi.CoDi,mami.codi.m.1.t.2.h.0.l.-2.r.350,periodicity,#664433,Bonang
13.378378378378379,120.90852461955576,MaMi.CoDi,mami.codi.m.1.t.2.h.0.l.-2.r.350,periodicity,#664433,Bonang
13.393393393393394,120.8674509996166,MaMi.CoDi,mami.codi.m.1.t.2.h.0.l.-2.r.350,periodicity,#664433,Bonang
13.408408408408409,120.83046281133109,MaMi.CoDi,mami.codi.m.1.t.2.h.0.l.-2.r.350,periodicity,#664433,Bonang
13.423423423423424,120.79778547785614,MaMi.CoDi,mami.codi.m.1.t.2.h.0.l.-2.r.350,periodicity,#664433,Bonang
13.438438438438439,120.76954577261245,MaMi.CoDi,mami.codi.m.1.t.2.h.0.l.-2.r.350,periodicity,#664433,Bonang
13.453453453453454,120.74576678513618,MaMi.CoDi,mami.codi.m.1.t.2.h.0.l.-2.r.350,periodicity,#664433,Bonang
13.468468468468469,120.72636455800564,MaMi.CoDi,mami.codi.m.1.t.2.h.0.l.-2.r.350,periodicity,#664433,Bonang
13.483483483483484,120.71114674519875,MaMi.CoDi,mami.codi.m.1.t.2.h.0.l.-2.r.350,periodicity,#664433,Bonang
13.498498498498499,120.69981360367187,MaMi.CoDi,mami.codi.m.1.t.2.h.0.l.-2.r.350,periodicity,#664433,Bonang
13.513513513513514,120.69196156617153,MaMi.CoDi,mami.codi.m.1.t.2.h.0.l.-2.r.350,periodicity,#664433,Bonang
13.528528528528529,120.68708955610506,MaMi.CoDi,mami.codi.m.1.t.2.h.0.l.-2.r.350,periodicity,#664433,Bonang
13.543543543543544,120.68460809824458,MaMi.CoDi,mami.codi.m.1.t.2.h.0.l.-2.r.350,periodicity,#664433,Bonang
13.558558558558559,120.68385115737522,MaMi.CoDi,mami.codi.m.1.t.2.h.0.l.-2.r.350,periodicity,#664433,Bonang
13.573573573573574,120.68409050733594,MaMi.CoDi,mami.codi.m.1.t.2.h.0.l.-2.r.350,periodicity,#664433,Bonang
13.588588588588589,120.68455230289901,MaMi.CoDi,mami.codi.m.1.t.2.h.0.l.-2.r.350,periodicity,#664433,Bonang
13.603603603603604,120.68443540476031,MaMi.CoDi,mami.codi.m.1.t.2.h.0.l.-2.r.350,periodicity,#664433,Bonang
13.618618618618619,120.68293090177701,MaMi.CoDi,mami.codi.m.1.t.2.h.0.l.-2.r.350,periodicity,#664433,Bonang
13.633633633633634,120.67924219205815,MaMi.CoDi,mami.codi.m.1.t.2.h.0.l.-2.r.350,periodicity,#664433,Bonang
13.64864864864865,120.67260493206558,MaMi.CoDi,mami.codi.m.1.t.2.h.0.l.-2.r.350,periodicity,#664433,Bonang
13.663663663663664,120.66230614528642,MaMi.CoDi,mami.codi.m.1.t.2.h.0.l.-2.r.350,periodicity,#664433,Bonang
13.67867867867868,120.64770180199042,MaMi.CoDi,mami.codi.m.1.t.2.h.0.l.-2.r.350,periodicity,#664433,Bonang
13.693693693693694,120.62823223941358,MaMi.CoDi,mami.codi.m.1.t.2.h.0.l.-2.r.350,periodicity,#664433,Bonang
13.70870870870871,120.60343488520174,MaMi.CoDi,mami.codi.m.1.t.2.h.0.l.-2.r.350,periodicity,#664433,Bonang
13.723723723723724,120.57295387145277,MaMi.CoDi,mami.codi.m.1.t.2.h.0.l.-2.r.350,periodicity,#664433,Bonang
13.73873873873874,120.53654627530823,MaMi.CoDi,mami.codi.m.1.t.2.h.0.l.-2.r.350,periodicity,#664433,Bonang
13.753753753753754,120.49408488601792,MaMi.CoDi,mami.codi.m.1.t.2.h.0.l.-2.r.350,periodicity,#664433,Bonang
13.76876876876877,120.44555756773103,MaMi.CoDi,mami.codi.m.1.t.2.h.0.l.-2.r.350,periodicity,#664433,Bonang
13.783783783783784,120.39106345131069,MaMi.CoDi,mami.codi.m.1.t.2.h.0.l.-2.r.350,periodicity,#664433,Bonang
13.7987987987988,120.33080633674128,MaMi.CoDi,mami.codi.m.1.t.2.h.0.l.-2.r.350,periodicity,#664433,Bonang
13.813813813813814,120.26508581059196,MaMi.CoDi,mami.codi.m.1.t.2.h.0.l.-2.r.350,periodicity,#664433,Bonang
13.82882882882883,120.19428667250932,MaMi.CoDi,mami.codi.m.1.t.2.h.0.l.-2.r.350,periodicity,#664433,Bonang
13.843843843843844,120.11886731504723,MaMi.CoDi,mami.codi.m.1.t.2.h.0.l.-2.r.350,periodicity,#664433,Bonang
13.85885885885886,120.03934770919382,MaMi.CoDi,mami.codi.m.1.t.2.h.0.l.-2.r.350,periodicity,#664433,Bonang
13.873873873873874,119.95629761354378,MaMi.CoDi,mami.codi.m.1.t.2.h.0.l.-2.r.350,periodicity,#664433,Bonang
13.88888888888889,119.87032555101798,MaMi.CoDi,mami.codi.m.1.t.2.h.0.l.-2.r.350,periodicity,#664433,Bonang
13.903903903903904,119.78206898898846,MaMi.CoDi,mami.codi.m.1.t.2.h.0.l.-2.r.350,periodicity,#664433,Bonang
13.91891891891892,119.69218602468605,MaMi.CoDi,mami.codi.m.1.t.2.h.0.l.-2.r.350,periodicity,#664433,Bonang
13.933933933933934,119.60134872775454,MaMi.CoDi,mami.codi.m.1.t.2.h.0.l.-2.r.350,periodicity,#664433,Bonang
13.94894894894895,119.51023813676828,MaMi.CoDi,mami.codi.m.1.t.2.h.0.l.-2.r.350,periodicity,#664433,Bonang
13.963963963963964,119.41954075776809,MaMi.CoDi,mami.codi.m.1.t.2.h.0.l.-2.r.350,periodicity,#664433,Bonang
13.97897897897898,119.32994628111885,MaMi.CoDi,mami.codi.m.1.t.2.h.0.l.-2.r.350,periodicity,#664433,Bonang
13.993993993993994,119.24214612768081,MaMi.CoDi,mami.codi.m.1.t.2.h.0.l.-2.r.350,periodicity,#664433,Bonang
14.00900900900901,119.15683236375577,MaMi.CoDi,mami.codi.m.1.t.2.h.0.l.-2.r.350,periodicity,#664433,Bonang
14.024024024024024,119.07469649135517,MaMi.CoDi,mami.codi.m.1.t.2.h.0.l.-2.r.350,periodicity,#664433,Bonang
14.03903903903904,118.99642762793582,MaMi.CoDi,mami.codi.m.1.t.2.h.0.l.-2.r.350,periodicity,#664433,Bonang
14.054054054054054,118.9227096368381,MaMi.CoDi,mami.codi.m.1.t.2.h.0.l.-2.r.350,periodicity,#664433,Bonang
14.06906906906907,118.85421685234735,MaMi.CoDi,mami.codi.m.1.t.2.h.0.l.-2.r.350,periodicity,#664433,Bonang
14.084084084084084,118.79160815522148,MaMi.CoDi,mami.codi.m.1.t.2.h.0.l.-2.r.350,periodicity,#664433,Bonang
14.0990990990991,118.73551928739047,MaMi.CoDi,mami.codi.m.1.t.2.h.0.l.-2.r.350,periodicity,#664433,Bonang
14.114114114114114,118.68655343875234,MaMi.CoDi,mami.codi.m.1.t.2.h.0.l.-2.r.350,periodicity,#664433,Bonang
14.12912912912913,118.64527028445912,MaMi.CoDi,mami.codi.m.1.t.2.h.0.l.-2.r.350,periodicity,#664433,Bonang
14.144144144144144,118.61217378791716,MaMi.CoDi,mami.codi.m.1.t.2.h.0.l.-2.r.350,periodicity,#664433,Bonang
14.15915915915916,118.587699203947,MaMi.CoDi,mami.codi.m.1.t.2.h.0.l.-2.r.350,periodicity,#664433,Bonang
14.174174174174174,118.57219981071194,MaMi.CoDi,mami.codi.m.1.t.2.h.0.l.-2.r.350,periodicity,#664433,Bonang
14.18918918918919,118.56593396262438,MaMi.CoDi,mami.codi.m.1.t.2.h.0.l.-2.r.350,periodicity,#664433,Bonang
14.204204204204204,118.5690530862236,MaMi.CoDi,mami.codi.m.1.t.2.h.0.l.-2.r.350,periodicity,#664433,Bonang
14.21921921921922,118.58159123600032,MaMi.CoDi,mami.codi.m.1.t.2.h.0.l.-2.r.350,periodicity,#664433,Bonang
14.234234234234235,118.60345678858639,MaMi.CoDi,mami.codi.m.1.t.2.h.0.l.-2.r.350,periodicity,#664433,Bonang
14.24924924924925,118.63442678478984,MaMi.CoDi,mami.codi.m.1.t.2.h.0.l.-2.r.350,periodicity,#664433,Bonang
14.264264264264265,118.6741443344004,MaMi.CoDi,mami.codi.m.1.t.2.h.0.l.-2.r.350,periodicity,#664433,Bonang
14.27927927927928,118.72211938434882,MaMi.CoDi,mami.codi.m.1.t.2.h.0.l.-2.r.350,periodicity,#664433,Bonang
14.294294294294295,118.77773302313635,MaMi.CoDi,mami.codi.m.1.t.2.h.0.l.-2.r.350,periodicity,#664433,Bonang
14.30930930930931,118.84024536004064,MaMi.CoDi,mami.codi.m.1.t.2.h.0.l.-2.r.350,periodicity,#664433,Bonang
14.324324324324325,118.90880688275767,MaMi.CoDi,mami.codi.m.1.t.2.h.0.l.-2.r.350,periodicity,#664433,Bonang
14.33933933933934,118.98247306754267,MaMi.CoDi,mami.codi.m.1.t.2.h.0.l.-2.r.350,periodicity,#664433,Bonang
14.354354354354355,119.06022189642518,MaMi.CoDi,mami.codi.m.1.t.2.h.0.l.-2.r.350,periodicity,#664433,Bonang
14.36936936936937,119.14097383060366,MaMi.CoDi,mami.codi.m.1.t.2.h.0.l.-2.r.350,periodicity,#664433,Bonang
14.384384384384385,119.2236137006539,MaMi.CoDi,mami.codi.m.1.t.2.h.0.l.-2.r.350,periodicity,#664433,Bonang
14.3993993993994,119.30701390481074,MaMi.CoDi,mami.codi.m.1.t.2.h.0.l.-2.r.350,periodicity,#664433,Bonang
14.414414414414415,119.39005825771379,MaMi.CoDi,mami.codi.m.1.t.2.h.0.l.-2.r.350,periodicity,#664433,Bonang
14.42942942942943,119.47166580446631,MaMi.CoDi,mami.codi.m.1.t.2.h.0.l.-2.r.350,periodicity,#664433,Bonang
14.444444444444445,119.550813909073,MaMi.CoDi,mami.codi.m.1.t.2.h.0.l.-2.r.350,periodicity,#664433,Bonang
14.45945945945946,119.6265599424098,MaMi.CoDi,mami.codi.m.1.t.2.h.0.l.-2.r.350,periodicity,#664433,Bonang
14.474474474474475,119.69806093266497,MaMi.CoDi,mami.codi.m.1.t.2.h.0.l.-2.r.350,periodicity,#664433,Bonang
14.48948948948949,119.76459060018895,MaMi.CoDi,mami.codi.m.1.t.2.h.0.l.-2.r.350,periodicity,#664433,Bonang
14.504504504504505,119.82555327795838,MaMi.CoDi,mami.codi.m.1.t.2.h.0.l.-2.r.350,periodicity,#664433,Bonang
14.51951951951952,119.88049431684314,MaMi.CoDi,mami.codi.m.1.t.2.h.0.l.-2.r.350,periodicity,#664433,Bonang
14.534534534534535,119.92910668920314,MaMi.CoDi,mami.codi.m.1.t.2.h.0.l.-2.r.350,periodicity,#664433,Bonang
14.54954954954955,119.97123363172294,MaMi.CoDi,mami.codi.m.1.t.2.h.0.l.-2.r.350,periodicity,#664433,Bonang
14.564564564564565,120.00686730445119,MaMi.CoDi,mami.codi.m.1.t.2.h.0.l.-2.r.350,periodicity,#664433,Bonang
14.57957957957958,120.03614358240955,MaMi.CoDi,mami.codi.m.1.t.2.h.0.l.-2.r.350,periodicity,#664433,Bonang
14.594594594594595,120.05933323269228,MaMi.CoDi,mami.codi.m.1.t.2.h.0.l.-2.r.350,periodicity,#664433,Bonang
14.60960960960961,120.07682985707953,MaMi.CoDi,mami.codi.m.1.t.2.h.0.l.-2.r.350,periodicity,#664433,Bonang
14.624624624624625,120.08913509117326,MaMi.CoDi,mami.codi.m.1.t.2.h.0.l.-2.r.350,periodicity,#664433,Bonang
14.63963963963964,120.09684163986628,MaMi.CoDi,mami.codi.m.1.t.2.h.0.l.-2.r.350,periodicity,#664433,Bonang
14.654654654654655,120.10061479057664,MaMi.CoDi,mami.codi.m.1.t.2.h.0.l.-2.r.350,periodicity,#664433,Bonang
14.66966966966967,120.10117307677928,MaMi.CoDi,mami.codi.m.1.t.2.h.0.l.-2.r.350,periodicity,#664433,Bonang
14.684684684684685,120.09926876357163,MaMi.CoDi,mami.codi.m.1.t.2.h.0.l.-2.r.350,periodicity,#664433,Bonang
14.6996996996997,120.09566879512732,MaMi.CoDi,mami.codi.m.1.t.2.h.0.l.-2.r.350,periodicity,#664433,Bonang
14.714714714714715,120.09113678384877,MaMi.CoDi,mami.codi.m.1.t.2.h.0.l.-2.r.350,periodicity,#664433,Bonang
14.72972972972973,120.08641653760236,MaMi.CoDi,mami.codi.m.1.t.2.h.0.l.-2.r.350,periodicity,#664433,Bonang
14.744744744744745,120.0822175207939,MaMi.CoDi,mami.codi.m.1.t.2.h.0.l.-2.r.350,periodicity,#664433,Bonang
14.75975975975976,120.07920253419842,MaMi.CoDi,mami.codi.m.1.t.2.h.0.l.-2.r.350,periodicity,#664433,Bonang
14.774774774774775,120.07797778457768,MaMi.CoDi,mami.codi.m.1.t.2.h.0.l.-2.r.350,periodicity,#664433,Bonang
14.78978978978979,120.07908540493727,MaMi.CoDi,mami.codi.m.1.t.2.h.0.l.-2.r.350,periodicity,#664433,Bonang
14.804804804804805,120.08299838559869,MaMi.CoDi,mami.codi.m.1.t.2.h.0.l.-2.r.350,periodicity,#664433,Bonang
14.81981981981982,120.09011778958994,MaMi.CoDi,mami.codi.m.1.t.2.h.0.l.-2.r.350,periodicity,#664433,Bonang
14.834834834834835,120.10077205618704,MaMi.CoDi,mami.codi.m.1.t.2.h.0.l.-2.r.350,periodicity,#664433,Bonang
14.84984984984985,120.11521814522509,MaMi.CoDi,mami.codi.m.1.t.2.h.0.l.-2.r.350,periodicity,#664433,Bonang
14.864864864864865,120.1336442420925,MaMi.CoDi,mami.codi.m.1.t.2.h.0.l.-2.r.350,periodicity,#664433,Bonang
14.87987987987988,120.15617372796848,MaMi.CoDi,mami.codi.m.1.t.2.h.0.l.-2.r.350,periodicity,#664433,Bonang
14.894894894894895,120.18287011981434,MaMi.CoDi,mami.codi.m.1.t.2.h.0.l.-2.r.350,periodicity,#664433,Bonang
14.90990990990991,120.21374269724697,MaMi.CoDi,mami.codi.m.1.t.2.h.0.l.-2.r.350,periodicity,#664433,Bonang
14.924924924924925,120.24875255578574,MaMi.CoDi,mami.codi.m.1.t.2.h.0.l.-2.r.350,periodicity,#664433,Bonang
14.93993993993994,120.28781885513835,MaMi.CoDi,mami.codi.m.1.t.2.h.0.l.-2.r.350,periodicity,#664433,Bonang
14.954954954954955,120.33082506443054,MaMi.CoDi,mami.codi.m.1.t.2.h.0.l.-2.r.350,periodicity,#664433,Bonang
14.96996996996997,120.3776250411788,MaMi.CoDi,mami.codi.m.1.t.2.h.0.l.-2.r.350,periodicity,#664433,Bonang
14.984984984984985,120.42804881537124,MaMi.CoDi,mami.codi.m.1.t.2.h.0.l.-2.r.350,periodicity,#664433,Bonang
15,120.48190798272589,MaMi.CoDi,mami.codi.m.1.t.2.h.0.l.-2.r.350,periodicity,#664433,Bonang
