interval,output,model_id,model_label,model_theory,model_colour,timbre_label
0,92.47667669795138,MaMi.CoDi,mami.codi.m.1.t.1.h.3.l.0.r.850,periodicity,#664433,stretched
0.015015015015015015,92.44939624828133,MaMi.CoDi,mami.codi.m.1.t.1.h.3.l.0.r.850,periodicity,#664433,stretched
0.03003003003003003,92.4243162162336,MaMi.CoDi,mami.codi.m.1.t.1.h.3.l.0.r.850,periodicity,#664433,stretched
0.04504504504504504,92.40148342358665,MaMi.CoDi,mami.codi.m.1.t.1.h.3.l.0.r.850,periodicity,#664433,stretched
0.06006006006006006,92.38095355517008,MaMi.CoDi,mami.codi.m.1.t.1.h.3.l.0.r.850,periodicity,#664433,stretched
0.07507507507507508,92.36279253879293,MaMi.CoDi,mami.codi.m.1.t.1.h.3.l.0.r.850,periodicity,#664433,stretched
0.09009009009009009,92.34707785606493,MaMi.CoDi,mami.codi.m.1.t.1.h.3.l.0.r.850,periodicity,#664433,stretched
0.10510510510510511,92.33389972553518,MaMi.CoDi,mami.codi.m.1.t.1.h.3.l.0.r.850,periodicity,#664433,stretched
0.12012012012012012,92.32336209319907,MaMi.CoDi,mami.codi.m.1.t.1.h.3.l.0.r.850,periodicity,#664433,stretched
0.13513513513513514,92.31558336093171,MaMi.CoDi,mami.codi.m.1.t.1.h.3.l.0.r.850,periodicity,#664433,stretched
0.15015015015015015,92.31069678153824,MaMi.CoDi,mami.codi.m.1.t.1.h.3.l.0.r.850,periodicity,#664433,stretched
0.16516516516516516,92.3088504505726,MaMi.CoDi,mami.codi.m.1.t.1.h.3.l.0.r.850,periodicity,#664433,stretched
0.18018018018018017,92.31020683051187,MaMi.CoDi,mami.codi.m.1.t.1.h.3.l.0.r.850,periodicity,#664433,stretched
0.19519519519519518,92.31494175276512,MaMi.CoDi,mami.codi.m.1.t.1.h.3.l.0.r.850,periodicity,#664433,stretched
0.21021021021021022,92.32324285755934,MaMi.CoDi,mami.codi.m.1.t.1.h.3.l.0.r.850,periodicity,#664433,stretched
0.22522522522522523,92.33530745087499,MaMi.CoDi,mami.codi.m.1.t.1.h.3.l.0.r.850,periodicity,#664433,stretched
0.24024024024024024,92.35133978076935,MaMi.CoDi,mami.codi.m.1.t.1.h.3.l.0.r.850,periodicity,#664433,stretched
0.2552552552552553,92.37154776161974,MaMi.CoDi,mami.codi.m.1.t.1.h.3.l.0.r.850,periodicity,#664433,stretched
0.2702702702702703,92.39613920260705,MaMi.CoDi,mami.codi.m.1.t.1.h.3.l.0.r.850,periodicity,#664433,stretched
0.2852852852852853,92.42531762422834,MaMi.CoDi,mami.codi.m.1.t.1.h.3.l.0.r.850,periodicity,#664433,stretched
0.3003003003003003,92.45927777162268,MaMi.CoDi,mami.codi.m.1.t.1.h.3.l.0.r.850,periodicity,#664433,stretched
0.3153153153153153,92.49820095368479,MaMi.CoDi,mami.codi.m.1.t.1.h.3.l.0.r.850,periodicity,#664433,stretched
0.3303303303303303,92.54225035010863,MaMi.CoDi,mami.codi.m.1.t.1.h.3.l.0.r.850,periodicity,#664433,stretched
0.34534534534534533,92.59156643279225,MaMi.CoDi,mami.codi.m.1.t.1.h.3.l.0.r.850,periodicity,#664433,stretched
0.36036036036036034,92.64626264217749,MaMi.CoDi,mami.codi.m.1.t.1.h.3.l.0.r.850,periodicity,#664433,stretched
0.37537537537537535,92.706421442711,MaMi.CoDi,mami.codi.m.1.t.1.h.3.l.0.r.850,periodicity,#664433,stretched
0.39039039039039036,92.77209085525978,MaMi.CoDi,mami.codi.m.1.t.1.h.3.l.0.r.850,periodicity,#664433,stretched
0.40540540540540543,92.84328152968146,MaMi.CoDi,mami.codi.m.1.t.1.h.3.l.0.r.850,periodicity,#664433,stretched
0.42042042042042044,92.91996438045196,MaMi.CoDi,mami.codi.m.1.t.1.h.3.l.0.r.850,periodicity,#664433,stretched
0.43543543543543545,93.00206876577326,MaMi.CoDi,mami.codi.m.1.t.1.h.3.l.0.r.850,periodicity,#664433,stretched
0.45045045045045046,93.08948114987346,MaMi.CoDi,mami.codi.m.1.t.1.h.3.l.0.r.850,periodicity,#664433,stretched
0.46546546546546547,93.18204415335504,MaMi.CoDi,mami.codi.m.1.t.1.h.3.l.0.r.850,periodicity,#664433,stretched
0.4804804804804805,93.27955587125261,MaMi.CoDi,mami.codi.m.1.t.1.h.3.l.0.r.850,periodicity,#664433,stretched
0.4954954954954955,93.38176932600358,MaMi.CoDi,mami.codi.m.1.t.1.h.3.l.0.r.850,periodicity,#664433,stretched
0.5105105105105106,93.48839192487179,MaMi.CoDi,mami.codi.m.1.t.1.h.3.l.0.r.850,periodicity,#664433,stretched
0.5255255255255256,93.5990848092427,MaMi.CoDi,mami.codi.m.1.t.1.h.3.l.0.r.850,periodicity,#664433,stretched
0.5405405405405406,93.71346201597139,MaMi.CoDi,mami.codi.m.1.t.1.h.3.l.0.r.850,periodicity,#664433,stretched
0.5555555555555556,93.83108941658492,MaMi.CoDi,mami.codi.m.1.t.1.h.3.l.0.r.850,periodicity,#664433,stretched
0.5705705705705706,93.95148345535779,MaMi.CoDi,mami.codi.m.1.t.1.h.3.l.0.r.850,periodicity,#664433,stretched
0.5855855855855856,94.07410976788984,MaMi.CoDi,mami.codi.m.1.t.1.h.3.l.0.r.850,periodicity,#664433,stretched
0.6006006006006006,94.19838182300765,MaMi.CoDi,mami.codi.m.1.t.1.h.3.l.0.r.850,periodicity,#664433,stretched
0.6156156156156156,94.32365978758237,MaMi.CoDi,mami.codi.m.1.t.1.h.3.l.0.r.850,periodicity,#664433,stretched
0.6306306306306306,94.44924986136843,MaMi.CoDi,mami.codi.m.1.t.1.h.3.l.0.r.850,periodicity,#664433,stretched
0.6456456456456456,94.57440436297868,MaMi.CoDi,mami.codi.m.1.t.1.h.3.l.0.r.850,periodicity,#664433,stretched
0.6606606606606606,94.69832286522052,MaMi.CoDi,mami.codi.m.1.t.1.h.3.l.0.r.850,periodicity,#664433,stretched
0.6756756756756757,94.82015467594513,MaMi.CoDi,mami.codi.m.1.t.1.h.3.l.0.r.850,periodicity,#664433,stretched
0.6906906906906907,94.93900293827595,MaMi.CoDi,mami.codi.m.1.t.1.h.3.l.0.r.850,periodicity,#664433,stretched
0.7057057057057057,95.05393058183341,MaMi.CoDi,mami.codi.m.1.t.1.h.3.l.0.r.850,periodicity,#664433,stretched
0.7207207207207207,95.1639682958862,MaMi.CoDi,mami.codi.m.1.t.1.h.3.l.0.r.850,periodicity,#664433,stretched
0.7357357357357357,95.26812461885646,MaMi.CoDi,mami.codi.m.1.t.1.h.3.l.0.r.850,periodicity,#664433,stretched
0.7507507507507507,95.36539814989054,MaMi.CoDi,mami.codi.m.1.t.1.h.3.l.0.r.850,periodicity,#664433,stretched
0.7657657657657657,95.4547917915323,MaMi.CoDi,mami.codi.m.1.t.1.h.3.l.0.r.850,periodicity,#664433,stretched
0.7807807807807807,95.53532883263871,MaMi.CoDi,mami.codi.m.1.t.1.h.3.l.0.r.850,periodicity,#664433,stretched
0.7957957957957957,95.60607058240258,MaMi.CoDi,mami.codi.m.1.t.1.h.3.l.0.r.850,periodicity,#664433,stretched
0.8108108108108109,95.6661351744724,MaMi.CoDi,mami.codi.m.1.t.1.h.3.l.0.r.850,periodicity,#664433,stretched
0.8258258258258259,95.71471707907632,MaMi.CoDi,mami.codi.m.1.t.1.h.3.l.0.r.850,periodicity,#664433,stretched
0.8408408408408409,95.75110679463408,MaMi.CoDi,mami.codi.m.1.t.1.h.3.l.0.r.850,periodicity,#664433,stretched
0.8558558558558559,95.77471014172379,MaMi.CoDi,mami.codi.m.1.t.1.h.3.l.0.r.850,periodicity,#664433,stretched
0.8708708708708709,95.78506655382496,MaMi.CoDi,mami.codi.m.1.t.1.h.3.l.0.r.850,periodicity,#664433,stretched
0.8858858858858859,95.78186575245583,MaMi.CoDi,mami.codi.m.1.t.1.h.3.l.0.r.850,periodicity,#664433,stretched
0.9009009009009009,95.76496220982948,MaMi.CoDi,mami.codi.m.1.t.1.h.3.l.0.r.850,periodicity,#664433,stretched
0.9159159159159159,95.73438683973903,MaMi.CoDi,mami.codi.m.1.t.1.h.3.l.0.r.850,periodicity,#664433,stretched
0.9309309309309309,95.69035541611197,MaMi.CoDi,mami.codi.m.1.t.1.h.3.l.0.r.850,periodicity,#664433,stretched
0.9459459459459459,95.63327329685717,MaMi.CoDi,mami.codi.m.1.t.1.h.3.l.0.r.850,periodicity,#664433,stretched
0.960960960960961,95.56373612600613,MaMi.CoDi,mami.codi.m.1.t.1.h.3.l.0.r.850,periodicity,#664433,stretched
0.975975975975976,95.48252629689611,MaMi.CoDi,mami.codi.m.1.t.1.h.3.l.0.r.850,periodicity,#664433,stretched
0.990990990990991,95.39060508001633,MaMi.CoDi,mami.codi.m.1.t.1.h.3.l.0.r.850,periodicity,#664433,stretched
1.006006006006006,95.28910044747325,MaMi.CoDi,mami.codi.m.1.t.1.h.3.l.0.r.850,periodicity,#664433,stretched
1.021021021021021,95.17929075791406,MaMi.CoDi,mami.codi.m.1.t.1.h.3.l.0.r.850,periodicity,#664433,stretched
1.0360360360360361,95.06258459697727,MaMi.CoDi,mami.codi.m.1.t.1.h.3.l.0.r.850,periodicity,#664433,stretched
1.0510510510510511,94.94049719461009,MaMi.CoDi,mami.codi.m.1.t.1.h.3.l.0.r.850,periodicity,#664433,stretched
1.0660660660660661,94.81462395751964,MaMi.CoDi,mami.codi.m.1.t.1.h.3.l.0.r.850,periodicity,#664433,stretched
1.0810810810810811,94.68661175830242,MaMi.CoDi,mami.codi.m.1.t.1.h.3.l.0.r.850,periodicity,#664433,stretched
1.0960960960960962,94.55812870830509,MaMi.CoDi,mami.codi.m.1.t.1.h.3.l.0.r.850,periodicity,#664433,stretched
1.1111111111111112,94.43083320527998,MaMi.CoDi,mami.codi.m.1.t.1.h.3.l.0.r.850,periodicity,#664433,stretched
1.1261261261261262,94.3063430861796,MaMi.CoDi,mami.codi.m.1.t.1.h.3.l.0.r.850,periodicity,#664433,stretched
1.1411411411411412,94.18620572752856,MaMi.CoDi,mami.codi.m.1.t.1.h.3.l.0.r.850,periodicity,#664433,stretched
1.1561561561561562,94.07186991912286,MaMi.CoDi,mami.codi.m.1.t.1.h.3.l.0.r.850,periodicity,#664433,stretched
1.1711711711711712,93.9646602908383,MaMi.CoDi,mami.codi.m.1.t.1.h.3.l.0.r.850,periodicity,#664433,stretched
1.1861861861861862,93.86575499775407,MaMi.CoDi,mami.codi.m.1.t.1.h.3.l.0.r.850,periodicity,#664433,stretched
1.2012012012012012,93.77616726758558,MaMi.CoDi,mami.codi.m.1.t.1.h.3.l.0.r.850,periodicity,#664433,stretched
1.2162162162162162,93.69673128976724,MaMi.CoDi,mami.codi.m.1.t.1.h.3.l.0.r.850,periodicity,#664433,stretched
1.2312312312312312,93.62809278189461,MaMi.CoDi,mami.codi.m.1.t.1.h.3.l.0.r.850,periodicity,#664433,stretched
1.2462462462462462,93.57070441209059,MaMi.CoDi,mami.codi.m.1.t.1.h.3.l.0.r.850,periodicity,#664433,stretched
1.2612612612612613,93.52482609154725,MaMi.CoDi,mami.codi.m.1.t.1.h.3.l.0.r.850,periodicity,#664433,stretched
1.2762762762762763,93.49052998685552,MaMi.CoDi,mami.codi.m.1.t.1.h.3.l.0.r.850,periodicity,#664433,stretched
1.2912912912912913,93.46770994384963,MaMi.CoDi,mami.codi.m.1.t.1.h.3.l.0.r.850,periodicity,#664433,stretched
1.3063063063063063,93.45609487040065,MaMi.CoDi,mami.codi.m.1.t.1.h.3.l.0.r.850,periodicity,#664433,stretched
1.3213213213213213,93.45526550120891,MaMi.CoDi,mami.codi.m.1.t.1.h.3.l.0.r.850,periodicity,#664433,stretched
1.3363363363363363,93.46467386850823,MaMi.CoDi,mami.codi.m.1.t.1.h.3.l.0.r.850,periodicity,#664433,stretched
1.3513513513513513,93.48366473281615,MaMi.CoDi,mami.codi.m.1.t.1.h.3.l.0.r.850,periodicity,#664433,stretched
1.3663663663663663,93.51149819002814,MaMi.CoDi,mami.codi.m.1.t.1.h.3.l.0.r.850,periodicity,#664433,stretched
1.3813813813813813,93.54737266622901,MaMi.CoDi,mami.codi.m.1.t.1.h.3.l.0.r.850,periodicity,#664433,stretched
1.3963963963963963,93.5904475388246,MaMi.CoDi,mami.codi.m.1.t.1.h.3.l.0.r.850,periodicity,#664433,stretched
1.4114114114114114,93.63986467960005,MaMi.CoDi,mami.codi.m.1.t.1.h.3.l.0.r.850,periodicity,#664433,stretched
1.4264264264264264,93.69476829826203,MaMi.CoDi,mami.codi.m.1.t.1.h.3.l.0.r.850,periodicity,#664433,stretched
1.4414414414414414,93.75432256886407,MaMi.CoDi,mami.codi.m.1.t.1.h.3.l.0.r.850,periodicity,#664433,stretched
1.4564564564564564,93.8177266403398,MaMi.CoDi,mami.codi.m.1.t.1.h.3.l.0.r.850,periodicity,#664433,stretched
1.4714714714714714,93.88422675981013,MaMi.CoDi,mami.codi.m.1.t.1.h.3.l.0.r.850,periodicity,#664433,stretched
1.4864864864864864,93.95312536686703,MaMi.CoDi,mami.codi.m.1.t.1.h.3.l.0.r.850,periodicity,#664433,stretched
1.5015015015015014,94.02378714255657,MaMi.CoDi,mami.codi.m.1.t.1.h.3.l.0.r.850,periodicity,#664433,stretched
1.5165165165165164,94.0956421127302,MaMi.CoDi,mami.codi.m.1.t.1.h.3.l.0.r.850,periodicity,#664433,stretched
1.5315315315315314,94.1681860072672,MaMi.CoDi,mami.codi.m.1.t.1.h.3.l.0.r.850,periodicity,#664433,stretched
1.5465465465465464,94.24097816093825,MaMi.CoDi,mami.codi.m.1.t.1.h.3.l.0.r.850,periodicity,#664433,stretched
1.5615615615615615,94.31363730625459,MaMi.CoDi,mami.codi.m.1.t.1.h.3.l.0.r.850,periodicity,#664433,stretched
1.5765765765765765,94.38583565257998,MaMi.CoDi,mami.codi.m.1.t.1.h.3.l.0.r.850,periodicity,#664433,stretched
1.5915915915915915,94.45729166942546,MaMi.CoDi,mami.codi.m.1.t.1.h.3.l.0.r.850,periodicity,#664433,stretched
1.6066066066066067,94.52776199653457,MaMi.CoDi,mami.codi.m.1.t.1.h.3.l.0.r.850,periodicity,#664433,stretched
1.6216216216216217,94.5970328912876,MaMi.CoDi,mami.codi.m.1.t.1.h.3.l.0.r.850,periodicity,#664433,stretched
1.6366366366366367,94.66491159794285,MaMi.CoDi,mami.codi.m.1.t.1.h.3.l.0.r.850,periodicity,#664433,stretched
1.6516516516516517,94.73121798638039,MaMi.CoDi,mami.codi.m.1.t.1.h.3.l.0.r.850,periodicity,#664433,stretched
1.6666666666666667,94.79577676358649,MaMi.CoDi,mami.codi.m.1.t.1.h.3.l.0.r.850,periodicity,#664433,stretched
1.6816816816816818,94.85841051217949,MaMi.CoDi,mami.codi.m.1.t.1.h.3.l.0.r.850,periodicity,#664433,stretched
1.6966966966966968,94.91893375960969,MaMi.CoDi,mami.codi.m.1.t.1.h.3.l.0.r.850,periodicity,#664433,stretched
1.7117117117117118,94.97714823158228,MaMi.CoDi,mami.codi.m.1.t.1.h.3.l.0.r.850,periodicity,#664433,stretched
1.7267267267267268,95.032839395557815,MaMi.CoDi,mami.codi.m.1.t.1.h.3.l.0.r.850,periodicity,#664433,stretched
1.7417417417417418,95.08577435610755,MaMi.CoDi,mami.codi.m.1.t.1.h.3.l.0.r.850,periodicity,#664433,stretched
1.7567567567567568,95.13570112416903,MaMi.CoDi,mami.codi.m.1.t.1.h.3.l.0.r.850,periodicity,#664433,stretched
1.7717717717717718,95.18234924712164,MaMi.CoDi,mami.codi.m.1.t.1.h.3.l.0.r.850,periodicity,#664433,stretched
1.7867867867867868,95.22543175594488,MaMi.CoDi,mami.codi.m.1.t.1.h.3.l.0.r.850,periodicity,#664433,stretched
1.8018018018018018,95.26464835916006,MaMi.CoDi,mami.codi.m.1.t.1.h.3.l.0.r.850,periodicity,#664433,stretched
1.8168168168168168,95.29968979020676,MaMi.CoDi,mami.codi.m.1.t.1.h.3.l.0.r.850,periodicity,#664433,stretched
1.8318318318318318,95.33024319474532,MaMi.CoDi,mami.codi.m.1.t.1.h.3.l.0.r.850,periodicity,#664433,stretched
1.8468468468468469,95.35599842647451,MaMi.CoDi,mami.codi.m.1.t.1.h.3.l.0.r.850,periodicity,#664433,stretched
1.8618618618618619,95.3766551038581,MaMi.CoDi,mami.codi.m.1.t.1.h.3.l.0.r.850,periodicity,#664433,stretched
1.8768768768768769,95.3919302652589,MaMi.CoDi,mami.codi.m.1.t.1.h.3.l.0.r.850,periodicity,#664433,stretched
1.8918918918918919,95.40156644610141,MaMi.CoDi,mami.codi.m.1.t.1.h.3.l.0.r.850,periodicity,#664433,stretched
1.906906906906907,95.4053399887695,MaMi.CoDi,mami.codi.m.1.t.1.h.3.l.0.r.850,periodicity,#664433,stretched
1.921921921921922,95.40306938405611,MaMi.CoDi,mami.codi.m.1.t.1.h.3.l.0.r.850,periodicity,#664433,stretched
1.936936936936937,95.39462343244126,MaMi.CoDi,mami.codi.m.1.t.1.h.3.l.0.r.850,periodicity,#664433,stretched
1.951951951951952,95.37992900470356,MaMi.CoDi,mami.codi.m.1.t.1.h.3.l.0.r.850,periodicity,#664433,stretched
1.966966966966967,95.35897817501825,MaMi.CoDi,mami.codi.m.1.t.1.h.3.l.0.r.850,periodicity,#664433,stretched
1.981981981981982,95.33183449651676,MaMi.CoDi,mami.codi.m.1.t.1.h.3.l.0.r.850,periodicity,#664433,stretched
1.996996996996997,95.29863819016323,MaMi.CoDi,mami.codi.m.1.t.1.h.3.l.0.r.850,periodicity,#664433,stretched
2.012012012012012,95.25961002372259,MaMi.CoDi,mami.codi.m.1.t.1.h.3.l.0.r.850,periodicity,#664433,stretched
2.027027027027027,95.21505366953635,MaMi.CoDi,mami.codi.m.1.t.1.h.3.l.0.r.850,periodicity,#664433,stretched
2.042042042042042,95.1653563487412,MaMi.CoDi,mami.codi.m.1.t.1.h.3.l.0.r.850,periodicity,#664433,stretched
2.057057057057057,95.11098759632033,MaMi.CoDi,mami.codi.m.1.t.1.h.3.l.0.r.850,periodicity,#664433,stretched
2.0720720720720722,95.05249601655302,MaMi.CoDi,mami.codi.m.1.t.1.h.3.l.0.r.850,periodicity,#664433,stretched
2.0870870870870872,94.99050394234824,MaMi.CoDi,mami.codi.m.1.t.1.h.3.l.0.r.850,periodicity,#664433,stretched
2.1021021021021022,94.9256999644688,MaMi.CoDi,mami.codi.m.1.t.1.h.3.l.0.r.850,periodicity,#664433,stretched
2.1171171171171173,94.85882935713343,MaMi.CoDi,mami.codi.m.1.t.1.h.3.l.0.r.850,periodicity,#664433,stretched
2.1321321321321323,94.79068249368282,MaMi.CoDi,mami.codi.m.1.t.1.h.3.l.0.r.850,periodicity,#664433,stretched
2.1471471471471473,94.72208141805376,MaMi.CoDi,mami.codi.m.1.t.1.h.3.l.0.r.850,periodicity,#664433,stretched
2.1621621621621623,94.65386481223359,MaMi.CoDi,mami.codi.m.1.t.1.h.3.l.0.r.850,periodicity,#664433,stretched
2.1771771771771773,94.58687167361884,MaMi.CoDi,mami.codi.m.1.t.1.h.3.l.0.r.850,periodicity,#664433,stretched
2.1921921921921923,94.52192408578823,MaMi.CoDi,mami.codi.m.1.t.1.h.3.l.0.r.850,periodicity,#664433,stretched
2.2072072072072073,94.45980952782814,MaMi.CoDi,mami.codi.m.1.t.1.h.3.l.0.r.850,periodicity,#664433,stretched
2.2222222222222223,94.40126321719856,MaMi.CoDi,mami.codi.m.1.t.1.h.3.l.0.r.850,periodicity,#664433,stretched
2.2372372372372373,94.34695101551442,MaMi.CoDi,mami.codi.m.1.t.1.h.3.l.0.r.850,periodicity,#664433,stretched
2.2522522522522523,94.29745344235545,MaMi.CoDi,mami.codi.m.1.t.1.h.3.l.0.r.850,periodicity,#664433,stretched
2.2672672672672673,94.25325133680732,MaMi.CoDi,mami.codi.m.1.t.1.h.3.l.0.r.850,periodicity,#664433,stretched
2.2822822822822824,94.21471367834025,MaMi.CoDi,mami.codi.m.1.t.1.h.3.l.0.r.850,periodicity,#664433,stretched
2.2972972972972974,94.18208802749432,MaMi.CoDi,mami.codi.m.1.t.1.h.3.l.0.r.850,periodicity,#664433,stretched
2.3123123123123124,94.15549397352433,MaMi.CoDi,mami.codi.m.1.t.1.h.3.l.0.r.850,periodicity,#664433,stretched
2.3273273273273274,94.13491988291786,MaMi.CoDi,mami.codi.m.1.t.1.h.3.l.0.r.850,periodicity,#664433,stretched
2.3423423423423424,94.12022313300092,MaMi.CoDi,mami.codi.m.1.t.1.h.3.l.0.r.850,periodicity,#664433,stretched
2.3573573573573574,94.11113389332758,MaMi.CoDi,mami.codi.m.1.t.1.h.3.l.0.r.850,periodicity,#664433,stretched
2.3723723723723724,94.10726238969657,MaMi.CoDi,mami.codi.m.1.t.1.h.3.l.0.r.850,periodicity,#664433,stretched
2.3873873873873874,94.10810945757828,MaMi.CoDi,mami.codi.m.1.t.1.h.3.l.0.r.850,periodicity,#664433,stretched
2.4024024024024024,94.1130800697469,MaMi.CoDi,mami.codi.m.1.t.1.h.3.l.0.r.850,periodicity,#664433,stretched
2.4174174174174174,94.12149941315243,MaMi.CoDi,mami.codi.m.1.t.1.h.3.l.0.r.850,periodicity,#664433,stretched
2.4324324324324325,94.1326309980926,MaMi.CoDi,mami.codi.m.1.t.1.h.3.l.0.r.850,periodicity,#664433,stretched
2.4474474474474475,94.14569621316691,MaMi.CoDi,mami.codi.m.1.t.1.h.3.l.0.r.850,periodicity,#664433,stretched
2.4624624624624625,94.159894695702,MaMi.CoDi,mami.codi.m.1.t.1.h.3.l.0.r.850,periodicity,#664433,stretched
2.4774774774774775,94.17442487122648,MaMi.CoDi,mami.codi.m.1.t.1.h.3.l.0.r.850,periodicity,#664433,stretched
2.4924924924924925,94.18850402743891,MaMi.CoDi,mami.codi.m.1.t.1.h.3.l.0.r.850,periodicity,#664433,stretched
2.5075075075075075,94.20138732666994,MaMi.CoDi,mami.codi.m.1.t.1.h.3.l.0.r.850,periodicity,#664433,stretched
2.5225225225225225,94.21238522323746,MaMi.CoDi,mami.codi.m.1.t.1.h.3.l.0.r.850,periodicity,#664433,stretched
2.5375375375375375,94.22087883424614,MaMi.CoDi,mami.codi.m.1.t.1.h.3.l.0.r.850,periodicity,#664433,stretched
2.5525525525525525,94.22633290910856,MaMi.CoDi,mami.codi.m.1.t.1.h.3.l.0.r.850,periodicity,#664433,stretched
2.5675675675675675,94.22830614862141,MaMi.CoDi,mami.codi.m.1.t.1.h.3.l.0.r.850,periodicity,#664433,stretched
2.5825825825825826,94.2264587327412,MaMi.CoDi,mami.codi.m.1.t.1.h.3.l.0.r.850,periodicity,#664433,stretched
2.5975975975975976,94.22055702142836,MaMi.CoDi,mami.codi.m.1.t.1.h.3.l.0.r.850,periodicity,#664433,stretched
2.6126126126126126,94.21047548972014,MaMi.CoDi,mami.codi.m.1.t.1.h.3.l.0.r.850,periodicity,#664433,stretched
2.6276276276276276,94.19619604212404,MaMi.CoDi,mami.codi.m.1.t.1.h.3.l.0.r.850,periodicity,#664433,stretched
2.6426426426426426,94.1778049192047,MaMi.CoDi,mami.codi.m.1.t.1.h.3.l.0.r.850,periodicity,#664433,stretched
2.6576576576576576,94.15548745887335,MaMi.CoDi,mami.codi.m.1.t.1.h.3.l.0.r.850,periodicity,#664433,stretched
2.6726726726726726,94.12952100580456,MaMi.CoDi,mami.codi.m.1.t.1.h.3.l.0.r.850,periodicity,#664433,stretched
2.6876876876876876,94.10026627531161,MaMi.CoDi,mami.codi.m.1.t.1.h.3.l.0.r.850,periodicity,#664433,stretched
2.7027027027027026,94.06815747484394,MaMi.CoDi,mami.codi.m.1.t.1.h.3.l.0.r.850,periodicity,#664433,stretched
2.7177177177177176,94.03369146994007,MaMi.CoDi,mami.codi.m.1.t.1.h.3.l.0.r.850,periodicity,#664433,stretched
2.7327327327327327,93.99741625553239,MaMi.CoDi,mami.codi.m.1.t.1.h.3.l.0.r.850,periodicity,#664433,stretched
2.7477477477477477,93.95991896191721,MaMi.CoDi,mami.codi.m.1.t.1.h.3.l.0.r.850,periodicity,#664433,stretched
2.7627627627627627,93.92181359140706,MaMi.CoDi,mami.codi.m.1.t.1.h.3.l.0.r.850,periodicity,#664433,stretched
2.7777777777777777,93.88372865033364,MaMi.CoDi,mami.codi.m.1.t.1.h.3.l.0.r.850,periodicity,#664433,stretched
2.7927927927927927,93.84629481471885,MaMi.CoDi,mami.codi.m.1.t.1.h.3.l.0.r.850,periodicity,#664433,stretched
2.8078078078078077,93.8101327488455,MaMi.CoDi,mami.codi.m.1.t.1.h.3.l.0.r.850,periodicity,#664433,stretched
2.8228228228228227,93.7758411854281,MaMi.CoDi,mami.codi.m.1.t.1.h.3.l.0.r.850,periodicity,#664433,stretched
2.8378378378378377,93.74398537442897,MaMi.CoDi,mami.codi.m.1.t.1.h.3.l.0.r.850,periodicity,#664433,stretched
2.8528528528528527,93.71508601408321,MaMi.CoDi,mami.codi.m.1.t.1.h.3.l.0.r.850,periodicity,#664433,stretched
2.8678678678678677,93.68960879083792,MaMi.CoDi,mami.codi.m.1.t.1.h.3.l.0.r.850,periodicity,#664433,stretched
2.8828828828828827,93.66795467241339,MaMi.CoDi,mami.codi.m.1.t.1.h.3.l.0.r.850,periodicity,#664433,stretched
2.8978978978978978,93.65045111730568,MaMi.CoDi,mami.codi.m.1.t.1.h.3.l.0.r.850,periodicity,#664433,stretched
2.9129129129129128,93.63734438177431,MaMi.CoDi,mami.codi.m.1.t.1.h.3.l.0.r.850,periodicity,#664433,stretched
2.9279279279279278,93.62879311874804,MaMi.CoDi,mami.codi.m.1.t.1.h.3.l.0.r.850,periodicity,#664433,stretched
2.942942942942943,93.6248634694093,MaMi.CoDi,mami.codi.m.1.t.1.h.3.l.0.r.850,periodicity,#664433,stretched
2.957957957957958,93.6255258452667,MaMi.CoDi,mami.codi.m.1.t.1.h.3.l.0.r.850,periodicity,#664433,stretched
2.972972972972973,93.63065358469827,MaMi.CoDi,mami.codi.m.1.t.1.h.3.l.0.r.850,periodicity,#664433,stretched
2.987987987987988,93.64002364240191,MaMi.CoDi,mami.codi.m.1.t.1.h.3.l.0.r.850,periodicity,#664433,stretched
3.003003003003003,93.65331943288358,MaMi.CoDi,mami.codi.m.1.t.1.h.3.l.0.r.850,periodicity,#664433,stretched
3.018018018018018,93.67013590080711,MaMi.CoDi,mami.codi.m.1.t.1.h.3.l.0.r.850,periodicity,#664433,stretched
3.033033033033033,93.68998683320098,MaMi.CoDi,mami.codi.m.1.t.1.h.3.l.0.r.850,periodicity,#664433,stretched
3.048048048048048,93.71231436329371,MaMi.CoDi,mami.codi.m.1.t.1.h.3.l.0.r.850,periodicity,#664433,stretched
3.063063063063063,93.73650054574603,MaMi.CoDi,mami.codi.m.1.t.1.h.3.l.0.r.850,periodicity,#664433,stretched
3.078078078078078,93.76188081122234,MaMi.CoDi,mami.codi.m.1.t.1.h.3.l.0.r.850,periodicity,#664433,stretched
3.093093093093093,93.78775903773109,MaMi.CoDi,mami.codi.m.1.t.1.h.3.l.0.r.850,periodicity,#664433,stretched
3.108108108108108,93.81342391013243,MaMi.CoDi,mami.codi.m.1.t.1.h.3.l.0.r.850,periodicity,#664433,stretched
3.123123123123123,93.83816618068705,MaMi.CoDi,mami.codi.m.1.t.1.h.3.l.0.r.850,periodicity,#664433,stretched
3.138138138138138,93.86129639528299,MaMi.CoDi,mami.codi.m.1.t.1.h.3.l.0.r.850,periodicity,#664433,stretched
3.153153153153153,93.8821626144417,MaMi.CoDi,mami.codi.m.1.t.1.h.3.l.0.r.850,periodicity,#664433,stretched
3.168168168168168,93.90016763732409,MaMi.CoDi,mami.codi.m.1.t.1.h.3.l.0.r.850,periodicity,#664433,stretched
3.183183183183183,93.91478523216242,MaMi.CoDi,mami.codi.m.1.t.1.h.3.l.0.r.850,periodicity,#664433,stretched
3.198198198198198,93.92557488868738,MaMi.CoDi,mami.codi.m.1.t.1.h.3.l.0.r.850,periodicity,#664433,stretched
3.2132132132132134,93.93219463743392,MaMi.CoDi,mami.codi.m.1.t.1.h.3.l.0.r.850,periodicity,#664433,stretched
3.2282282282282284,93.93441152688536,MaMi.CoDi,mami.codi.m.1.t.1.h.3.l.0.r.850,periodicity,#664433,stretched
3.2432432432432434,93.93210941119956,MaMi.CoDi,mami.codi.m.1.t.1.h.3.l.0.r.850,periodicity,#664433,stretched
3.2582582582582584,93.92529377703146,MaMi.CoDi,mami.codi.m.1.t.1.h.3.l.0.r.850,periodicity,#664433,stretched
3.2732732732732734,93.91409342541263,MaMi.CoDi,mami.codi.m.1.t.1.h.3.l.0.r.850,periodicity,#664433,stretched
3.2882882882882885,93.89875892083525,MaMi.CoDi,mami.codi.m.1.t.1.h.3.l.0.r.850,periodicity,#664433,stretched
3.3033033033033035,93.87965782123294,MaMi.CoDi,mami.codi.m.1.t.1.h.3.l.0.r.850,periodicity,#664433,stretched
3.3183183183183185,93.85726680560563,MaMi.CoDi,mami.codi.m.1.t.1.h.3.l.0.r.850,periodicity,#664433,stretched
3.3333333333333335,93.83216091656953,MaMi.CoDi,mami.codi.m.1.t.1.h.3.l.0.r.850,periodicity,#664433,stretched
3.3483483483483485,93.80500022891941,MaMi.CoDi,mami.codi.m.1.t.1.h.3.l.0.r.850,periodicity,#664433,stretched
3.3633633633633635,93.7765143383431,MaMi.CoDi,mami.codi.m.1.t.1.h.3.l.0.r.850,periodicity,#664433,stretched
3.3783783783783785,93.74748513296477,MaMi.CoDi,mami.codi.m.1.t.1.h.3.l.0.r.850,periodicity,#664433,stretched
3.3933933933933935,93.71872836122975,MaMi.CoDi,mami.codi.m.1.t.1.h.3.l.0.r.850,periodicity,#664433,stretched
3.4084084084084085,93.69107454033158,MaMi.CoDi,mami.codi.m.1.t.1.h.3.l.0.r.850,periodicity,#664433,stretched
3.4234234234234235,93.66534975841623,MaMi.CoDi,mami.codi.m.1.t.1.h.3.l.0.r.850,periodicity,#664433,stretched
3.4384384384384385,93.64235691077512,MaMi.CoDi,mami.codi.m.1.t.1.h.3.l.0.r.850,periodicity,#664433,stretched
3.4534534534534536,93.62285787589742,MaMi.CoDi,mami.codi.m.1.t.1.h.3.l.0.r.850,periodicity,#664433,stretched
3.4684684684684686,93.60755708353122,MaMi.CoDi,mami.codi.m.1.t.1.h.3.l.0.r.850,periodicity,#664433,stretched
3.4834834834834836,93.59708685684407,MaMi.CoDi,mami.codi.m.1.t.1.h.3.l.0.r.850,periodicity,#664433,stretched
3.4984984984984986,93.59199482836107,MaMi.CoDi,mami.codi.m.1.t.1.h.3.l.0.r.850,periodicity,#664433,stretched
3.5135135135135136,93.59273363933166,MaMi.CoDi,mami.codi.m.1.t.1.h.3.l.0.r.850,periodicity,#664433,stretched
3.5285285285285286,93.59965303966837,MaMi.CoDi,mami.codi.m.1.t.1.h.3.l.0.r.850,periodicity,#664433,stretched
3.5435435435435436,93.61299441586674,MaMi.CoDi,mami.codi.m.1.t.1.h.3.l.0.r.850,periodicity,#664433,stretched
3.5585585585585586,93.63288769233421,MaMi.CoDi,mami.codi.m.1.t.1.h.3.l.0.r.850,periodicity,#664433,stretched
3.5735735735735736,93.65935048166567,MaMi.CoDi,mami.codi.m.1.t.1.h.3.l.0.r.850,periodicity,#664433,stretched
3.5885885885885886,93.69228930504164,MaMi.CoDi,mami.codi.m.1.t.1.h.3.l.0.r.850,periodicity,#664433,stretched
3.6036036036036037,93.73150266729182,MaMi.CoDi,mami.codi.m.1.t.1.h.3.l.0.r.850,periodicity,#664433,stretched
3.6186186186186187,93.77668575313652,MaMi.CoDi,mami.codi.m.1.t.1.h.3.l.0.r.850,periodicity,#664433,stretched
3.6336336336336337,93.82743651112861,MaMi.CoDi,mami.codi.m.1.t.1.h.3.l.0.r.850,periodicity,#664433,stretched
3.6486486486486487,93.8832629078932,MaMi.CoDi,mami.codi.m.1.t.1.h.3.l.0.r.850,periodicity,#664433,stretched
3.6636636636636637,93.94359116427272,MaMi.CoDi,mami.codi.m.1.t.1.h.3.l.0.r.850,periodicity,#664433,stretched
3.6786786786786787,94.00777482272966,MaMi.CoDi,mami.codi.m.1.t.1.h.3.l.0.r.850,periodicity,#664433,stretched
3.6936936936936937,94.07510453708609,MaMi.CoDi,mami.codi.m.1.t.1.h.3.l.0.r.850,periodicity,#664433,stretched
3.7087087087087087,94.1448185163429,MaMi.CoDi,mami.codi.m.1.t.1.h.3.l.0.r.850,periodicity,#664433,stretched
3.7237237237237237,94.21611358903444,MaMi.CoDi,mami.codi.m.1.t.1.h.3.l.0.r.850,periodicity,#664433,stretched
3.7387387387387387,94.28815687905366,MaMi.CoDi,mami.codi.m.1.t.1.h.3.l.0.r.850,periodicity,#664433,stretched
3.7537537537537538,94.36009809473119,MaMi.CoDi,mami.codi.m.1.t.1.h.3.l.0.r.850,periodicity,#664433,stretched
3.7687687687687688,94.43108242802678,MaMi.CoDi,mami.codi.m.1.t.1.h.3.l.0.r.850,periodicity,#664433,stretched
3.7837837837837838,94.50026403924124,MaMi.CoDi,mami.codi.m.1.t.1.h.3.l.0.r.850,periodicity,#664433,stretched
3.798798798798799,94.56682006542894,MaMi.CoDi,mami.codi.m.1.t.1.h.3.l.0.r.850,periodicity,#664433,stretched
3.813813813813814,94.62996503992656,MaMi.CoDi,mami.codi.m.1.t.1.h.3.l.0.r.850,periodicity,#664433,stretched
3.828828828828829,94.68896554961388,MaMi.CoDi,mami.codi.m.1.t.1.h.3.l.0.r.850,periodicity,#664433,stretched
3.843843843843844,94.74315489033184,MaMi.CoDi,mami.codi.m.1.t.1.h.3.l.0.r.850,periodicity,#664433,stretched
3.858858858858859,94.79194741460223,MaMi.CoDi,mami.codi.m.1.t.1.h.3.l.0.r.850,periodicity,#664433,stretched
3.873873873873874,94.83485220514085,MaMi.CoDi,mami.codi.m.1.t.1.h.3.l.0.r.850,periodicity,#664433,stretched
3.888888888888889,94.87148565821835,MaMi.CoDi,mami.codi.m.1.t.1.h.3.l.0.r.850,periodicity,#664433,stretched
3.903903903903904,94.90158252784933,MaMi.CoDi,mami.codi.m.1.t.1.h.3.l.0.r.850,periodicity,#664433,stretched
3.918918918918919,94.92500496932315,MaMi.CoDi,mami.codi.m.1.t.1.h.3.l.0.r.850,periodicity,#664433,stretched
3.933933933933934,94.94174913182991,MaMi.CoDi,mami.codi.m.1.t.1.h.3.l.0.r.850,periodicity,#664433,stretched
3.948948948948949,94.95194888652362,MaMi.CoDi,mami.codi.m.1.t.1.h.3.l.0.r.850,periodicity,#664433,stretched
3.963963963963964,94.95587633839422,MaMi.CoDi,mami.codi.m.1.t.1.h.3.l.0.r.850,periodicity,#664433,stretched
3.978978978978979,94.95393885630874,MaMi.CoDi,mami.codi.m.1.t.1.h.3.l.0.r.850,periodicity,#664433,stretched
3.993993993993994,94.9466724624614,MaMi.CoDi,mami.codi.m.1.t.1.h.3.l.0.r.850,periodicity,#664433,stretched
4.009009009009009,94.93473154587748,MaMi.CoDi,mami.codi.m.1.t.1.h.3.l.0.r.850,periodicity,#664433,stretched
4.024024024024024,94.91887499900199,MaMi.CoDi,mami.codi.m.1.t.1.h.3.l.0.r.850,periodicity,#664433,stretched
4.039039039039039,94.899949015488815,MaMi.CoDi,mami.codi.m.1.t.1.h.3.l.0.r.850,periodicity,#664433,stretched
4.054054054054054,94.87886692430604,MaMi.CoDi,mami.codi.m.1.t.1.h.3.l.0.r.850,periodicity,#664433,stretched
4.069069069069069,94.8565865634166,MaMi.CoDi,mami.codi.m.1.t.1.h.3.l.0.r.850,periodicity,#664433,stretched
4.084084084084084,94.83408580906786,MaMi.CoDi,mami.codi.m.1.t.1.h.3.l.0.r.850,periodicity,#664433,stretched
4.099099099099099,94.81233696834339,MaMi.CoDi,mami.codi.m.1.t.1.h.3.l.0.r.850,periodicity,#664433,stretched
4.114114114114114,94.79228080826908,MaMi.CoDi,mami.codi.m.1.t.1.h.3.l.0.r.850,periodicity,#664433,stretched
4.129129129129129,94.77480103085423,MaMi.CoDi,mami.codi.m.1.t.1.h.3.l.0.r.850,periodicity,#664433,stretched
4.1441441441441444,94.760700007816,MaMi.CoDi,mami.codi.m.1.t.1.h.3.l.0.r.850,periodicity,#664433,stretched
4.1591591591591595,94.75067656075316,MaMi.CoDi,mami.codi.m.1.t.1.h.3.l.0.r.850,periodicity,#664433,stretched
4.1741741741741745,94.74530651307758,MaMi.CoDi,mami.codi.m.1.t.1.h.3.l.0.r.850,periodicity,#664433,stretched
4.1891891891891895,94.74502665145579,MaMi.CoDi,mami.codi.m.1.t.1.h.3.l.0.r.850,periodicity,#664433,stretched
4.2042042042042045,94.75012262054115,MaMi.CoDi,mami.codi.m.1.t.1.h.3.l.0.r.850,periodicity,#664433,stretched
4.2192192192192195,94.76072114024059,MaMi.CoDi,mami.codi.m.1.t.1.h.3.l.0.r.850,periodicity,#664433,stretched
4.2342342342342345,94.77678678536489,MaMi.CoDi,mami.codi.m.1.t.1.h.3.l.0.r.850,periodicity,#664433,stretched
4.2492492492492495,94.79812340959135,MaMi.CoDi,mami.codi.m.1.t.1.h.3.l.0.r.850,periodicity,#664433,stretched
4.2642642642642645,94.8243801358226,MaMi.CoDi,mami.codi.m.1.t.1.h.3.l.0.r.850,periodicity,#664433,stretched
4.2792792792792795,94.85506167985822,MaMi.CoDi,mami.codi.m.1.t.1.h.3.l.0.r.850,periodicity,#664433,stretched
4.2942942942942945,94.8895426300484,MaMi.CoDi,mami.codi.m.1.t.1.h.3.l.0.r.850,periodicity,#664433,stretched
4.3093093093093096,94.92708517795026,MaMi.CoDi,mami.codi.m.1.t.1.h.3.l.0.r.850,periodicity,#664433,stretched
4.324324324324325,94.96685968874066,MaMi.CoDi,mami.codi.m.1.t.1.h.3.l.0.r.850,periodicity,#664433,stretched
4.33933933933934,95.00796741904115,MaMi.CoDi,mami.codi.m.1.t.1.h.3.l.0.r.850,periodicity,#664433,stretched
4.354354354354355,95.04946463643438,MaMi.CoDi,mami.codi.m.1.t.1.h.3.l.0.r.850,periodicity,#664433,stretched
4.36936936936937,95.09038737064117,MaMi.CoDi,mami.codi.m.1.t.1.h.3.l.0.r.850,periodicity,#664433,stretched
4.384384384384385,95.12977603108665,MaMi.CoDi,mami.codi.m.1.t.1.h.3.l.0.r.850,periodicity,#664433,stretched
4.3993993993994,95.166699158219,MaMi.CoDi,mami.codi.m.1.t.1.h.3.l.0.r.850,periodicity,#664433,stretched
4.414414414414415,95.20027563409693,MaMi.CoDi,mami.codi.m.1.t.1.h.3.l.0.r.850,periodicity,#664433,stretched
4.42942942942943,95.22969475806526,MaMi.CoDi,mami.codi.m.1.t.1.h.3.l.0.r.850,periodicity,#664433,stretched
4.444444444444445,95.25423369164798,MaMi.CoDi,mami.codi.m.1.t.1.h.3.l.0.r.850,periodicity,#664433,stretched
4.45945945945946,95.27327188833051,MaMi.CoDi,mami.codi.m.1.t.1.h.3.l.0.r.850,periodicity,#664433,stretched
4.474474474474475,95.28630224358963,MaMi.CoDi,mami.codi.m.1.t.1.h.3.l.0.r.850,periodicity,#664433,stretched
4.48948948948949,95.2929388231321,MaMi.CoDi,mami.codi.m.1.t.1.h.3.l.0.r.850,periodicity,#664433,stretched
4.504504504504505,95.29292114775876,MaMi.CoDi,mami.codi.m.1.t.1.h.3.l.0.r.850,periodicity,#664433,stretched
4.51951951951952,95.28611512684971,MaMi.CoDi,mami.codi.m.1.t.1.h.3.l.0.r.850,periodicity,#664433,stretched
4.534534534534535,95.27251083502618,MaMi.CoDi,mami.codi.m.1.t.1.h.3.l.0.r.850,periodicity,#664433,stretched
4.54954954954955,95.25221741461931,MaMi.CoDi,mami.codi.m.1.t.1.h.3.l.0.r.850,periodicity,#664433,stretched
4.564564564564565,95.22545545760818,MaMi.CoDi,mami.codi.m.1.t.1.h.3.l.0.r.850,periodicity,#664433,stretched
4.57957957957958,95.19254727296023,MaMi.CoDi,mami.codi.m.1.t.1.h.3.l.0.r.850,periodicity,#664433,stretched
4.594594594594595,95.15390547811604,MaMi.CoDi,mami.codi.m.1.t.1.h.3.l.0.r.850,periodicity,#664433,stretched
4.60960960960961,95.11002036686347,MaMi.CoDi,mami.codi.m.1.t.1.h.3.l.0.r.850,periodicity,#664433,stretched
4.624624624624625,95.06144650111432,MaMi.CoDi,mami.codi.m.1.t.1.h.3.l.0.r.850,periodicity,#664433,stretched
4.63963963963964,95.00878895290215,MaMi.CoDi,mami.codi.m.1.t.1.h.3.l.0.r.850,periodicity,#664433,stretched
4.654654654654655,94.95268958769354,MaMi.CoDi,mami.codi.m.1.t.1.h.3.l.0.r.850,periodicity,#664433,stretched
4.66966966966967,94.89381373369409,MaMi.CoDi,mami.codi.m.1.t.1.h.3.l.0.r.850,periodicity,#664433,stretched
4.684684684684685,94.8328375274084,MaMi.CoDi,mami.codi.m.1.t.1.h.3.l.0.r.850,periodicity,#664433,stretched
4.6996996996997,94.77043616651366,MaMi.CoDi,mami.codi.m.1.t.1.h.3.l.0.r.850,periodicity,#664433,stretched
4.714714714714715,94.70727324033479,MaMi.CoDi,mami.codi.m.1.t.1.h.3.l.0.r.850,periodicity,#664433,stretched
4.72972972972973,94.6439912488375,MaMi.CoDi,mami.codi.m.1.t.1.h.3.l.0.r.850,periodicity,#664433,stretched
4.744744744744745,94.58120336569074,MaMi.CoDi,mami.codi.m.1.t.1.h.3.l.0.r.850,periodicity,#664433,stretched
4.75975975975976,94.51948645176567,MaMi.CoDi,mami.codi.m.1.t.1.h.3.l.0.r.850,periodicity,#664433,stretched
4.774774774774775,94.4593752840504,MaMi.CoDi,mami.codi.m.1.t.1.h.3.l.0.r.850,periodicity,#664433,stretched
4.78978978978979,94.40135793243553,MaMi.CoDi,mami.codi.m.1.t.1.h.3.l.0.r.850,periodicity,#664433,stretched
4.804804804804805,94.34587219364276,MaMi.CoDi,mami.codi.m.1.t.1.h.3.l.0.r.850,periodicity,#664433,stretched
4.81981981981982,94.293302977659,MaMi.CoDi,mami.codi.m.1.t.1.h.3.l.0.r.850,periodicity,#664433,stretched
4.834834834834835,94.24398053684591,MaMi.CoDi,mami.codi.m.1.t.1.h.3.l.0.r.850,periodicity,#664433,stretched
4.84984984984985,94.19817943042985,MaMi.CoDi,mami.codi.m.1.t.1.h.3.l.0.r.850,periodicity,#664433,stretched
4.864864864864865,94.15611812602465,MaMi.CoDi,mami.codi.m.1.t.1.h.3.l.0.r.850,periodicity,#664433,stretched
4.87987987987988,94.1179591536685,MaMi.CoDi,mami.codi.m.1.t.1.h.3.l.0.r.850,periodicity,#664433,stretched
4.894894894894895,94.08380974488331,MaMi.CoDi,mami.codi.m.1.t.1.h.3.l.0.r.850,periodicity,#664433,stretched
4.90990990990991,94.05372290781565,MaMi.CoDi,mami.codi.m.1.t.1.h.3.l.0.r.850,periodicity,#664433,stretched
4.924924924924925,94.02769890796097,MaMi.CoDi,mami.codi.m.1.t.1.h.3.l.0.r.850,periodicity,#664433,stretched
4.93993993993994,94.00568714082738,MaMi.CoDi,mami.codi.m.1.t.1.h.3.l.0.r.850,periodicity,#664433,stretched
4.954954954954955,93.98758839693014,MaMi.CoDi,mami.codi.m.1.t.1.h.3.l.0.r.850,periodicity,#664433,stretched
4.96996996996997,93.9732575296989,MaMi.CoDi,mami.codi.m.1.t.1.h.3.l.0.r.850,periodicity,#664433,stretched
4.984984984984985,93.96250654255634,MaMi.CoDi,mami.codi.m.1.t.1.h.3.l.0.r.850,periodicity,#664433,stretched
5,93.95510811220204,MaMi.CoDi,mami.codi.m.1.t.1.h.3.l.0.r.850,periodicity,#664433,stretched
5.015015015015015,93.9507995609357,MaMi.CoDi,mami.codi.m.1.t.1.h.3.l.0.r.850,periodicity,#664433,stretched
5.03003003003003,93.94928728193098,MaMi.CoDi,mami.codi.m.1.t.1.h.3.l.0.r.850,periodicity,#664433,stretched
5.045045045045045,93.95025160822568,MaMi.CoDi,mami.codi.m.1.t.1.h.3.l.0.r.850,periodicity,#664433,stretched
5.06006006006006,93.9533520995862,MaMi.CoDi,mami.codi.m.1.t.1.h.3.l.0.r.850,periodicity,#664433,stretched
5.075075075075075,93.95823320229698,MaMi.CoDi,mami.codi.m.1.t.1.h.3.l.0.r.850,periodicity,#664433,stretched
5.09009009009009,93.96453021642235,MaMi.CoDi,mami.codi.m.1.t.1.h.3.l.0.r.850,periodicity,#664433,stretched
5.105105105105105,93.97187548439413,MaMi.CoDi,mami.codi.m.1.t.1.h.3.l.0.r.850,periodicity,#664433,stretched
5.12012012012012,93.97990469516716,MaMi.CoDi,mami.codi.m.1.t.1.h.3.l.0.r.850,periodicity,#664433,stretched
5.135135135135135,93.9882631808608,MaMi.CoDi,mami.codi.m.1.t.1.h.3.l.0.r.850,periodicity,#664433,stretched
5.15015015015015,93.99661206895482,MaMi.CoDi,mami.codi.m.1.t.1.h.3.l.0.r.850,periodicity,#664433,stretched
5.165165165165165,94.00463414375734,MaMi.CoDi,mami.codi.m.1.t.1.h.3.l.0.r.850,periodicity,#664433,stretched
5.18018018018018,94.01203926683459,MaMi.CoDi,mami.codi.m.1.t.1.h.3.l.0.r.850,periodicity,#664433,stretched
5.195195195195195,94.01856920801566,MaMi.CoDi,mami.codi.m.1.t.1.h.3.l.0.r.850,periodicity,#664433,stretched
5.21021021021021,94.024001746762,MaMi.CoDi,mami.codi.m.1.t.1.h.3.l.0.r.850,periodicity,#664433,stretched
5.225225225225225,94.0281539181482,MaMi.CoDi,mami.codi.m.1.t.1.h.3.l.0.r.850,periodicity,#664433,stretched
5.24024024024024,94.0308842981368,MaMi.CoDi,mami.codi.m.1.t.1.h.3.l.0.r.850,periodicity,#664433,stretched
5.255255255255255,94.03209424859003,MaMi.CoDi,mami.codi.m.1.t.1.h.3.l.0.r.850,periodicity,#664433,stretched
5.27027027027027,94.03172807264701,MaMi.CoDi,mami.codi.m.1.t.1.h.3.l.0.r.850,periodicity,#664433,stretched
5.285285285285285,94.02977206448188,MaMi.CoDi,mami.codi.m.1.t.1.h.3.l.0.r.850,periodicity,#664433,stretched
5.3003003003003,94.02625247266174,MaMi.CoDi,mami.codi.m.1.t.1.h.3.l.0.r.850,periodicity,#664433,stretched
5.315315315315315,94.02123243180196,MaMi.CoDi,mami.codi.m.1.t.1.h.3.l.0.r.850,periodicity,#664433,stretched
5.33033033033033,94.01480795139835,MaMi.CoDi,mami.codi.m.1.t.1.h.3.l.0.r.850,periodicity,#664433,stretched
5.345345345345345,94.0071030820594,MaMi.CoDi,mami.codi.m.1.t.1.h.3.l.0.r.850,periodicity,#664433,stretched
5.36036036036036,93.9982644064777,MaMi.CoDi,mami.codi.m.1.t.1.h.3.l.0.r.850,periodicity,#664433,stretched
5.375375375375375,93.98845502419218,MaMi.CoDi,mami.codi.m.1.t.1.h.3.l.0.r.850,periodicity,#664433,stretched
5.39039039039039,93.97784821463179,MaMi.CoDi,mami.codi.m.1.t.1.h.3.l.0.r.850,periodicity,#664433,stretched
5.405405405405405,93.96662097154329,MaMi.CoDi,mami.codi.m.1.t.1.h.3.l.0.r.850,periodicity,#664433,stretched
5.42042042042042,93.95494760354735,MaMi.CoDi,mami.codi.m.1.t.1.h.3.l.0.r.850,periodicity,#664433,stretched
5.435435435435435,93.94299359042043,MaMi.CoDi,mami.codi.m.1.t.1.h.3.l.0.r.850,periodicity,#664433,stretched
5.45045045045045,93.9309098732948,MaMi.CoDi,mami.codi.m.1.t.1.h.3.l.0.r.850,periodicity,#664433,stretched
5.465465465465465,93.91882774012639,MaMi.CoDi,mami.codi.m.1.t.1.h.3.l.0.r.850,periodicity,#664433,stretched
5.48048048048048,93.90685444649117,MaMi.CoDi,mami.codi.m.1.t.1.h.3.l.0.r.850,periodicity,#664433,stretched
5.495495495495495,93.89506968715855,MaMi.CoDi,mami.codi.m.1.t.1.h.3.l.0.r.850,periodicity,#664433,stretched
5.51051051051051,93.88352300709286,MaMi.CoDi,mami.codi.m.1.t.1.h.3.l.0.r.850,periodicity,#664433,stretched
5.525525525525525,93.87223221260822,MaMi.CoDi,mami.codi.m.1.t.1.h.3.l.0.r.850,periodicity,#664433,stretched
5.54054054054054,93.86118281528218,MaMi.CoDi,mami.codi.m.1.t.1.h.3.l.0.r.850,periodicity,#664433,stretched
5.555555555555555,93.85032851364899,MaMi.CoDi,mami.codi.m.1.t.1.h.3.l.0.r.850,periodicity,#664433,stretched
5.57057057057057,93.83959269117935,MaMi.CoDi,mami.codi.m.1.t.1.h.3.l.0.r.850,periodicity,#664433,stretched
5.585585585585585,93.82887088392893,MaMi.CoDi,mami.codi.m.1.t.1.h.3.l.0.r.850,periodicity,#664433,stretched
5.6006006006006,93.81803414766468,MaMi.CoDi,mami.codi.m.1.t.1.h.3.l.0.r.850,periodicity,#664433,stretched
5.615615615615615,93.80693323232268,MaMi.CoDi,mami.codi.m.1.t.1.h.3.l.0.r.850,periodicity,#664433,stretched
5.63063063063063,93.79540345131092,MaMi.CoDi,mami.codi.m.1.t.1.h.3.l.0.r.850,periodicity,#664433,stretched
5.645645645645645,93.78327011453408,MaMi.CoDi,mami.codi.m.1.t.1.h.3.l.0.r.850,periodicity,#664433,stretched
5.66066066066066,93.77035437724818,MaMi.CoDi,mami.codi.m.1.t.1.h.3.l.0.r.850,periodicity,#664433,stretched
5.675675675675675,93.7564793422968,MaMi.CoDi,mami.codi.m.1.t.1.h.3.l.0.r.850,periodicity,#664433,stretched
5.6906906906906904,93.74147624147992,MaMi.CoDi,mami.codi.m.1.t.1.h.3.l.0.r.850,periodicity,#664433,stretched
5.7057057057057055,93.72519051347403,MaMi.CoDi,mami.codi.m.1.t.1.h.3.l.0.r.850,periodicity,#664433,stretched
5.7207207207207205,93.70748759172082,MaMi.CoDi,mami.codi.m.1.t.1.h.3.l.0.r.850,periodicity,#664433,stretched
5.7357357357357355,93.68825821696574,MaMi.CoDi,mami.codi.m.1.t.1.h.3.l.0.r.850,periodicity,#664433,stretched
5.7507507507507505,93.66742309652861,MaMi.CoDi,mami.codi.m.1.t.1.h.3.l.0.r.850,periodicity,#664433,stretched
5.7657657657657655,93.64493674667521,MaMi.CoDi,mami.codi.m.1.t.1.h.3.l.0.r.850,periodicity,#664433,stretched
5.7807807807807805,93.62079037604974,MaMi.CoDi,mami.codi.m.1.t.1.h.3.l.0.r.850,periodicity,#664433,stretched
5.7957957957957955,93.5950136970866,MaMi.CoDi,mami.codi.m.1.t.1.h.3.l.0.r.850,periodicity,#664433,stretched
5.8108108108108105,93.56767558817941,MaMi.CoDi,mami.codi.m.1.t.1.h.3.l.0.r.850,periodicity,#664433,stretched
5.8258258258258255,93.53888357115511,MaMi.CoDi,mami.codi.m.1.t.1.h.3.l.0.r.850,periodicity,#664433,stretched
5.8408408408408405,93.50878211472958,MaMi.CoDi,mami.codi.m.1.t.1.h.3.l.0.r.850,periodicity,#664433,stretched
5.8558558558558556,93.47754982305726,MaMi.CoDi,mami.codi.m.1.t.1.h.3.l.0.r.850,periodicity,#664433,stretched
5.870870870870871,93.44539561675387,MaMi.CoDi,mami.codi.m.1.t.1.h.3.l.0.r.850,periodicity,#664433,stretched
5.885885885885886,93.41255405916101,MaMi.CoDi,mami.codi.m.1.t.1.h.3.l.0.r.850,periodicity,#664433,stretched
5.900900900900901,93.3792800203111,MaMi.CoDi,mami.codi.m.1.t.1.h.3.l.0.r.850,periodicity,#664433,stretched
5.915915915915916,93.34584290237963,MaMi.CoDi,mami.codi.m.1.t.1.h.3.l.0.r.850,periodicity,#664433,stretched
5.930930930930931,93.31252067104161,MaMi.CoDi,mami.codi.m.1.t.1.h.3.l.0.r.850,periodicity,#664433,stretched
5.945945945945946,93.2795939452965,MaMi.CoDi,mami.codi.m.1.t.1.h.3.l.0.r.850,periodicity,#664433,stretched
5.960960960960961,93.24734039289989,MaMi.CoDi,mami.codi.m.1.t.1.h.3.l.0.r.850,periodicity,#664433,stretched
5.975975975975976,93.21602965931511,MaMi.CoDi,mami.codi.m.1.t.1.h.3.l.0.r.850,periodicity,#664433,stretched
5.990990990990991,93.18591902570009,MaMi.CoDi,mami.codi.m.1.t.1.h.3.l.0.r.850,periodicity,#664433,stretched
6.006006006006006,93.15724994743371,MaMi.CoDi,mami.codi.m.1.t.1.h.3.l.0.r.850,periodicity,#664433,stretched
6.021021021021021,93.13024557138887,MaMi.CoDi,mami.codi.m.1.t.1.h.3.l.0.r.850,periodicity,#664433,stretched
6.036036036036036,93.10510927063612,MaMi.CoDi,mami.codi.m.1.t.1.h.3.l.0.r.850,periodicity,#664433,stretched
6.051051051051051,93.0820241729974,MaMi.CoDi,mami.codi.m.1.t.1.h.3.l.0.r.850,periodicity,#664433,stretched
6.066066066066066,93.06115359866469,MaMi.CoDi,mami.codi.m.1.t.1.h.3.l.0.r.850,periodicity,#664433,stretched
6.081081081081081,93.0426422657068,MaMi.CoDi,mami.codi.m.1.t.1.h.3.l.0.r.850,periodicity,#664433,stretched
6.096096096096096,93.02661807425356,MaMi.CoDi,mami.codi.m.1.t.1.h.3.l.0.r.850,periodicity,#664433,stretched
6.111111111111111,93.01319424349892,MaMi.CoDi,mami.codi.m.1.t.1.h.3.l.0.r.850,periodicity,#664433,stretched
6.126126126126126,93.0024715527739,MaMi.CoDi,mami.codi.m.1.t.1.h.3.l.0.r.850,periodicity,#664433,stretched
6.141141141141141,92.99454043032041,MaMi.CoDi,mami.codi.m.1.t.1.h.3.l.0.r.850,periodicity,#664433,stretched
6.156156156156156,92.98948264165773,MaMi.CoDi,mami.codi.m.1.t.1.h.3.l.0.r.850,periodicity,#664433,stretched
6.171171171171171,92.98737235321778,MaMi.CoDi,mami.codi.m.1.t.1.h.3.l.0.r.850,periodicity,#664433,stretched
6.186186186186186,92.9882763849718,MaMi.CoDi,mami.codi.m.1.t.1.h.3.l.0.r.850,periodicity,#664433,stretched
6.201201201201201,92.99225351600373,MaMi.CoDi,mami.codi.m.1.t.1.h.3.l.0.r.850,periodicity,#664433,stretched
6.216216216216216,92.99935276663619,MaMi.CoDi,mami.codi.m.1.t.1.h.3.l.0.r.850,periodicity,#664433,stretched
6.231231231231231,93.00961064653616,MaMi.CoDi,mami.codi.m.1.t.1.h.3.l.0.r.850,periodicity,#664433,stretched
6.246246246246246,93.023047426651,MaMi.CoDi,mami.codi.m.1.t.1.h.3.l.0.r.850,periodicity,#664433,stretched
6.261261261261261,93.03966256020304,MaMi.CoDi,mami.codi.m.1.t.1.h.3.l.0.r.850,periodicity,#664433,stretched
6.276276276276276,93.0594294407164,MaMi.CoDi,mami.codi.m.1.t.1.h.3.l.0.r.850,periodicity,#664433,stretched
6.291291291291291,93.08228973989148,MaMi.CoDi,mami.codi.m.1.t.1.h.3.l.0.r.850,periodicity,#664433,stretched
6.306306306306306,93.10814761217931,MaMi.CoDi,mami.codi.m.1.t.1.h.3.l.0.r.850,periodicity,#664433,stretched
6.321321321321321,93.13686408380812,MaMi.CoDi,mami.codi.m.1.t.1.h.3.l.0.r.850,periodicity,#664433,stretched
6.336336336336336,93.16825196004652,MaMi.CoDi,mami.codi.m.1.t.1.h.3.l.0.r.850,periodicity,#664433,stretched
6.351351351351351,93.20207158459091,MaMi.CoDi,mami.codi.m.1.t.1.h.3.l.0.r.850,periodicity,#664433,stretched
6.366366366366366,93.23802776878296,MaMi.CoDi,mami.codi.m.1.t.1.h.3.l.0.r.850,periodicity,#664433,stretched
6.381381381381381,93.27576817622696,MaMi.CoDi,mami.codi.m.1.t.1.h.3.l.0.r.850,periodicity,#664433,stretched
6.396396396396396,93.31488340128665,MaMi.CoDi,mami.codi.m.1.t.1.h.3.l.0.r.850,periodicity,#664433,stretched
6.411411411411412,93.35490891955519,MaMi.CoDi,mami.codi.m.1.t.1.h.3.l.0.r.850,periodicity,#664433,stretched
6.426426426426427,93.39532901695675,MaMi.CoDi,mami.codi.m.1.t.1.h.3.l.0.r.850,periodicity,#664433,stretched
6.441441441441442,93.43558272441194,MaMi.CoDi,mami.codi.m.1.t.1.h.3.l.0.r.850,periodicity,#664433,stretched
6.456456456456457,93.47507170023547,MaMi.CoDi,mami.codi.m.1.t.1.h.3.l.0.r.850,periodicity,#664433,stretched
6.471471471471472,93.51316991620479,MaMi.CoDi,mami.codi.m.1.t.1.h.3.l.0.r.850,periodicity,#664433,stretched
6.486486486486487,93.54923491938965,MaMi.CoDi,mami.codi.m.1.t.1.h.3.l.0.r.850,periodicity,#664433,stretched
6.501501501501502,93.5826203643112,MaMi.CoDi,mami.codi.m.1.t.1.h.3.l.0.r.850,periodicity,#664433,stretched
6.516516516516517,93.61268944268666,MaMi.CoDi,mami.codi.m.1.t.1.h.3.l.0.r.850,periodicity,#664433,stretched
6.531531531531532,93.6388287845839,MaMi.CoDi,mami.codi.m.1.t.1.h.3.l.0.r.850,periodicity,#664433,stretched
6.546546546546547,93.66046236846832,MaMi.CoDi,mami.codi.m.1.t.1.h.3.l.0.r.850,periodicity,#664433,stretched
6.561561561561562,93.67706496098272,MaMi.CoDi,mami.codi.m.1.t.1.h.3.l.0.r.850,periodicity,#664433,stretched
6.576576576576577,93.68817461210287,MaMi.CoDi,mami.codi.m.1.t.1.h.3.l.0.r.850,periodicity,#664433,stretched
6.591591591591592,93.69340375832356,MaMi.CoDi,mami.codi.m.1.t.1.h.3.l.0.r.850,periodicity,#664433,stretched
6.606606606606607,93.69244853538035,MaMi.CoDi,mami.codi.m.1.t.1.h.3.l.0.r.850,periodicity,#664433,stretched
6.621621621621622,93.68509597109585,MaMi.CoDi,mami.codi.m.1.t.1.h.3.l.0.r.850,periodicity,#664433,stretched
6.636636636636637,93.67122881544428,MaMi.CoDi,mami.codi.m.1.t.1.h.3.l.0.r.850,periodicity,#664433,stretched
6.651651651651652,93.65082786489918,MaMi.CoDi,mami.codi.m.1.t.1.h.3.l.0.r.850,periodicity,#664433,stretched
6.666666666666667,93.62397174659787,MaMi.CoDi,mami.codi.m.1.t.1.h.3.l.0.r.850,periodicity,#664433,stretched
6.681681681681682,93.59083423911234,MaMi.CoDi,mami.codi.m.1.t.1.h.3.l.0.r.850,periodicity,#664433,stretched
6.696696696696697,93.55167931453705,MaMi.CoDi,mami.codi.m.1.t.1.h.3.l.0.r.850,periodicity,#664433,stretched
6.711711711711712,93.50685418494778,MaMi.CoDi,mami.codi.m.1.t.1.h.3.l.0.r.850,periodicity,#664433,stretched
6.726726726726727,93.45678071920551,MaMi.CoDi,mami.codi.m.1.t.1.h.3.l.0.r.850,periodicity,#664433,stretched
6.741741741741742,93.40194565842853,MaMi.CoDi,mami.codi.m.1.t.1.h.3.l.0.r.850,periodicity,#664433,stretched
6.756756756756757,93.34289009623252,MaMi.CoDi,mami.codi.m.1.t.1.h.3.l.0.r.850,periodicity,#664433,stretched
6.771771771771772,93.28019870047821,MaMi.CoDi,mami.codi.m.1.t.1.h.3.l.0.r.850,periodicity,#664433,stretched
6.786786786786787,93.2144891358846,MaMi.CoDi,mami.codi.m.1.t.1.h.3.l.0.r.850,periodicity,#664433,stretched
6.801801801801802,93.14640210237725,MaMi.CoDi,mami.codi.m.1.t.1.h.3.l.0.r.850,periodicity,#664433,stretched
6.816816816816817,93.0765923351571,MaMi.CoDi,mami.codi.m.1.t.1.h.3.l.0.r.850,periodicity,#664433,stretched
6.831831831831832,93.00572082359169,MaMi.CoDi,mami.codi.m.1.t.1.h.3.l.0.r.850,periodicity,#664433,stretched
6.846846846846847,92.93444840292429,MaMi.CoDi,mami.codi.m.1.t.1.h.3.l.0.r.850,periodicity,#664433,stretched
6.861861861861862,92.86343076230715,MaMi.CoDi,mami.codi.m.1.t.1.h.3.l.0.r.850,periodicity,#664433,stretched
6.876876876876877,92.7933148022066,MaMi.CoDi,mami.codi.m.1.t.1.h.3.l.0.r.850,periodicity,#664433,stretched
6.891891891891892,92.72473617129343,MaMi.CoDi,mami.codi.m.1.t.1.h.3.l.0.r.850,periodicity,#664433,stretched
6.906906906906907,92.65831772456319,MaMi.CoDi,mami.codi.m.1.t.1.h.3.l.0.r.850,periodicity,#664433,stretched
6.921921921921922,92.5946685767307,MaMi.CoDi,mami.codi.m.1.t.1.h.3.l.0.r.850,periodicity,#664433,stretched
6.936936936936937,92.53438338262674,MaMi.CoDi,mami.codi.m.1.t.1.h.3.l.0.r.850,periodicity,#664433,stretched
6.951951951951952,92.47804146238944,MaMi.CoDi,mami.codi.m.1.t.1.h.3.l.0.r.850,periodicity,#664433,stretched
6.966966966966967,92.42620540474253,MaMi.CoDi,mami.codi.m.1.t.1.h.3.l.0.r.850,periodicity,#664433,stretched
6.981981981981982,92.37941882563153,MaMi.CoDi,mami.codi.m.1.t.1.h.3.l.0.r.850,periodicity,#664433,stretched
6.996996996996997,92.33820302904536,MaMi.CoDi,mami.codi.m.1.t.1.h.3.l.0.r.850,periodicity,#664433,stretched
7.012012012012012,92.30305240733661,MaMi.CoDi,mami.codi.m.1.t.1.h.3.l.0.r.850,periodicity,#664433,stretched
7.027027027027027,92.27442852372286,MaMi.CoDi,mami.codi.m.1.t.1.h.3.l.0.r.850,periodicity,#664433,stretched
7.042042042042042,92.25275293287477,MaMi.CoDi,mami.codi.m.1.t.1.h.3.l.0.r.850,periodicity,#664433,stretched
7.057057057057057,92.23839890905188,MaMi.CoDi,mami.codi.m.1.t.1.h.3.l.0.r.850,periodicity,#664433,stretched
7.072072072072072,92.23168235764395,MaMi.CoDi,mami.codi.m.1.t.1.h.3.l.0.r.850,periodicity,#664433,stretched
7.087087087087087,92.2328522782574,MaMi.CoDi,mami.codi.m.1.t.1.h.3.l.0.r.850,periodicity,#664433,stretched
7.102102102102102,92.24208121966302,MaMi.CoDi,mami.codi.m.1.t.1.h.3.l.0.r.850,periodicity,#664433,stretched
7.117117117117117,92.259456214388507,MaMi.CoDi,mami.codi.m.1.t.1.h.3.l.0.r.850,periodicity,#664433,stretched
7.132132132132132,92.28497070047902,MaMi.CoDi,mami.codi.m.1.t.1.h.3.l.0.r.850,periodicity,#664433,stretched
7.147147147147147,92.318517928738,MaMi.CoDi,mami.codi.m.1.t.1.h.3.l.0.r.850,periodicity,#664433,stretched
7.162162162162162,92.3598863161455,MaMi.CoDi,mami.codi.m.1.t.1.h.3.l.0.r.850,periodicity,#664433,stretched
7.177177177177177,92.40875714236937,MaMi.CoDi,mami.codi.m.1.t.1.h.3.l.0.r.850,periodicity,#664433,stretched
7.192192192192192,92.46470490002979,MaMi.CoDi,mami.codi.m.1.t.1.h.3.l.0.r.850,periodicity,#664433,stretched
7.207207207207207,92.52720050554888,MaMi.CoDi,mami.codi.m.1.t.1.h.3.l.0.r.850,periodicity,#664433,stretched
7.222222222222222,92.59561746168738,MaMi.CoDi,mami.codi.m.1.t.1.h.3.l.0.r.850,periodicity,#664433,stretched
7.237237237237237,92.66924094139067,MaMi.CoDi,mami.codi.m.1.t.1.h.3.l.0.r.850,periodicity,#664433,stretched
7.252252252252252,92.74727964149044,MaMi.CoDi,mami.codi.m.1.t.1.h.3.l.0.r.850,periodicity,#664433,stretched
7.267267267267267,92.82888014000233,MaMi.CoDi,mami.codi.m.1.t.1.h.3.l.0.r.850,periodicity,#664433,stretched
7.282282282282282,92.9131433874388,MaMi.CoDi,mami.codi.m.1.t.1.h.3.l.0.r.850,periodicity,#664433,stretched
7.297297297297297,92.99914287508665,MaMi.CoDi,mami.codi.m.1.t.1.h.3.l.0.r.850,periodicity,#664433,stretched
7.312312312312312,93.08594395489082,MaMi.CoDi,mami.codi.m.1.t.1.h.3.l.0.r.850,periodicity,#664433,stretched
7.327327327327327,93.17262373864494,MaMi.CoDi,mami.codi.m.1.t.1.h.3.l.0.r.850,periodicity,#664433,stretched
7.342342342342342,93.25829097969056,MaMi.CoDi,mami.codi.m.1.t.1.h.3.l.0.r.850,periodicity,#664433,stretched
7.357357357357357,93.34210533828676,MaMi.CoDi,mami.codi.m.1.t.1.h.3.l.0.r.850,periodicity,#664433,stretched
7.372372372372372,93.42329545128345,MaMi.CoDi,mami.codi.m.1.t.1.h.3.l.0.r.850,periodicity,#664433,stretched
7.387387387387387,93.50117526602094,MaMi.CoDi,mami.codi.m.1.t.1.h.3.l.0.r.850,periodicity,#664433,stretched
7.402402402402402,93.57515815511,MaMi.CoDi,mami.codi.m.1.t.1.h.3.l.0.r.850,periodicity,#664433,stretched
7.4174174174174174,93.64476840019171,MaMi.CoDi,mami.codi.m.1.t.1.h.3.l.0.r.850,periodicity,#664433,stretched
7.4324324324324325,93.70964971586413,MaMi.CoDi,mami.codi.m.1.t.1.h.3.l.0.r.850,periodicity,#664433,stretched
7.4474474474474475,93.76957057657566,MaMi.CoDi,mami.codi.m.1.t.1.h.3.l.0.r.850,periodicity,#664433,stretched
7.4624624624624625,93.82442620626657,MaMi.CoDi,mami.codi.m.1.t.1.h.3.l.0.r.850,periodicity,#664433,stretched
7.4774774774774775,93.87423718986193,MaMi.CoDi,mami.codi.m.1.t.1.h.3.l.0.r.850,periodicity,#664433,stretched
7.4924924924924925,93.91914476450009,MaMi.CoDi,mami.codi.m.1.t.1.h.3.l.0.r.850,periodicity,#664433,stretched
7.5075075075075075,93.95940294394586,MaMi.CoDi,mami.codi.m.1.t.1.h.3.l.0.r.850,periodicity,#664433,stretched
7.5225225225225225,93.9953677195345,MaMi.CoDi,mami.codi.m.1.t.1.h.3.l.0.r.850,periodicity,#664433,stretched
7.5375375375375375,94.0274836629593,MaMi.CoDi,mami.codi.m.1.t.1.h.3.l.0.r.850,periodicity,#664433,stretched
7.5525525525525525,94.05626832828453,MaMi.CoDi,mami.codi.m.1.t.1.h.3.l.0.r.850,periodicity,#664433,stretched
7.5675675675675675,94.08229491091699,MaMi.CoDi,mami.codi.m.1.t.1.h.3.l.0.r.850,periodicity,#664433,stretched
7.5825825825825826,94.10617366841707,MaMi.CoDi,mami.codi.m.1.t.1.h.3.l.0.r.850,periodicity,#664433,stretched
7.597597597597598,94.12853264068235,MaMi.CoDi,mami.codi.m.1.t.1.h.3.l.0.r.850,periodicity,#664433,stretched
7.612612612612613,94.14999822428479,MaMi.CoDi,mami.codi.m.1.t.1.h.3.l.0.r.850,periodicity,#664433,stretched
7.627627627627628,94.17117615694889,MaMi.CoDi,mami.codi.m.1.t.1.h.3.l.0.r.850,periodicity,#664433,stretched
7.642642642642643,94.19263345315166,MaMi.CoDi,mami.codi.m.1.t.1.h.3.l.0.r.850,periodicity,#664433,stretched
7.657657657657658,94.2148818008222,MaMi.CoDi,mami.codi.m.1.t.1.h.3.l.0.r.850,periodicity,#664433,stretched
7.672672672672673,94.23836288282388,MaMi.CoDi,mami.codi.m.1.t.1.h.3.l.0.r.850,periodicity,#664433,stretched
7.687687687687688,94.26343602652268,MaMi.CoDi,mami.codi.m.1.t.1.h.3.l.0.r.850,periodicity,#664433,stretched
7.702702702702703,94.29036851196564,MaMi.CoDi,mami.codi.m.1.t.1.h.3.l.0.r.850,periodicity,#664433,stretched
7.717717717717718,94.31932878615353,MaMi.CoDi,mami.codi.m.1.t.1.h.3.l.0.r.850,periodicity,#664433,stretched
7.732732732732733,94.35038274019979,MaMi.CoDi,mami.codi.m.1.t.1.h.3.l.0.r.850,periodicity,#664433,stretched
7.747747747747748,94.38349311069457,MaMi.CoDi,mami.codi.m.1.t.1.h.3.l.0.r.850,periodicity,#664433,stretched
7.762762762762763,94.41852196954817,MaMi.CoDi,mami.codi.m.1.t.1.h.3.l.0.r.850,periodicity,#664433,stretched
7.777777777777778,94.45523617122342,MaMi.CoDi,mami.codi.m.1.t.1.h.3.l.0.r.850,periodicity,#664433,stretched
7.792792792792793,94.49331553591195,MaMi.CoDi,mami.codi.m.1.t.1.h.3.l.0.r.850,periodicity,#664433,stretched
7.807807807807808,94.53236346499811,MaMi.CoDi,mami.codi.m.1.t.1.h.3.l.0.r.850,periodicity,#664433,stretched
7.822822822822823,94.57191961399602,MaMi.CoDi,mami.codi.m.1.t.1.h.3.l.0.r.850,periodicity,#664433,stretched
7.837837837837838,94.61147419053454,MaMi.CoDi,mami.codi.m.1.t.1.h.3.l.0.r.850,periodicity,#664433,stretched
7.852852852852853,94.65048340288149,MaMi.CoDi,mami.codi.m.1.t.1.h.3.l.0.r.850,periodicity,#664433,stretched
7.867867867867868,94.68838555935844,MaMi.CoDi,mami.codi.m.1.t.1.h.3.l.0.r.850,periodicity,#664433,stretched
7.882882882882883,94.72461731150744,MaMi.CoDi,mami.codi.m.1.t.1.h.3.l.0.r.850,periodicity,#664433,stretched
7.897897897897898,94.75862954408838,MaMi.CoDi,mami.codi.m.1.t.1.h.3.l.0.r.850,periodicity,#664433,stretched
7.912912912912913,94.7899024422166,MaMi.CoDi,mami.codi.m.1.t.1.h.3.l.0.r.850,periodicity,#664433,stretched
7.927927927927928,94.81795930886992,MaMi.CoDi,mami.codi.m.1.t.1.h.3.l.0.r.850,periodicity,#664433,stretched
7.942942942942943,94.84237876262513,MaMi.CoDi,mami.codi.m.1.t.1.h.3.l.0.r.850,periodicity,#664433,stretched
7.957957957957958,94.862805013321,MaMi.CoDi,mami.codi.m.1.t.1.h.3.l.0.r.850,periodicity,#664433,stretched
7.972972972972973,94.87895598949234,MaMi.CoDi,mami.codi.m.1.t.1.h.3.l.0.r.850,periodicity,#664433,stretched
7.987987987987988,94.89062917263882,MaMi.CoDi,mami.codi.m.1.t.1.h.3.l.0.r.850,periodicity,#664433,stretched
8.003003003003004,94.89770507633409,MaMi.CoDi,mami.codi.m.1.t.1.h.3.l.0.r.850,periodicity,#664433,stretched
8.018018018018019,94.90014838950634,MaMi.CoDi,mami.codi.m.1.t.1.h.3.l.0.r.850,periodicity,#664433,stretched
8.033033033033034,94.89800687970656,MaMi.CoDi,mami.codi.m.1.t.1.h.3.l.0.r.850,periodicity,#664433,stretched
8.048048048048049,94.89140822094477,MaMi.CoDi,mami.codi.m.1.t.1.h.3.l.0.r.850,periodicity,#664433,stretched
8.063063063063064,94.88055496925152,MaMi.CoDi,mami.codi.m.1.t.1.h.3.l.0.r.850,periodicity,#664433,stretched
8.078078078078079,94.86571795556513,MaMi.CoDi,mami.codi.m.1.t.1.h.3.l.0.r.850,periodicity,#664433,stretched
8.093093093093094,94.84722839856107,MaMi.CoDi,mami.codi.m.1.t.1.h.3.l.0.r.850,periodicity,#664433,stretched
8.108108108108109,94.82546905896075,MaMi.CoDi,mami.codi.m.1.t.1.h.3.l.0.r.850,periodicity,#664433,stretched
8.123123123123124,94.80086476173638,MaMi.CoDi,mami.codi.m.1.t.1.h.3.l.0.r.850,periodicity,#664433,stretched
8.138138138138139,94.77387260413353,MaMi.CoDi,mami.codi.m.1.t.1.h.3.l.0.r.850,periodicity,#664433,stretched
8.153153153153154,94.74497214688189,MaMi.CoDi,mami.codi.m.1.t.1.h.3.l.0.r.850,periodicity,#664433,stretched
8.168168168168169,94.71465585513906,MaMi.CoDi,mami.codi.m.1.t.1.h.3.l.0.r.850,periodicity,#664433,stretched
8.183183183183184,94.68342001685066,MaMi.CoDi,mami.codi.m.1.t.1.h.3.l.0.r.850,periodicity,#664433,stretched
8.198198198198199,94.65175632176572,MaMi.CoDi,mami.codi.m.1.t.1.h.3.l.0.r.850,periodicity,#664433,stretched
8.213213213213214,94.62014423694819,MaMi.CoDi,mami.codi.m.1.t.1.h.3.l.0.r.850,periodicity,#664433,stretched
8.228228228228229,94.58904426685606,MaMi.CoDi,mami.codi.m.1.t.1.h.3.l.0.r.850,periodicity,#664433,stretched
8.243243243243244,94.55889214033924,MaMi.CoDi,mami.codi.m.1.t.1.h.3.l.0.r.850,periodicity,#664433,stretched
8.258258258258259,94.5300939254098,MaMi.CoDi,mami.codi.m.1.t.1.h.3.l.0.r.850,periodicity,#664433,stretched
8.273273273273274,94.50302203709315,MaMi.CoDi,mami.codi.m.1.t.1.h.3.l.0.r.850,periodicity,#664433,stretched
8.288288288288289,94.47801207540662,MaMi.CoDi,mami.codi.m.1.t.1.h.3.l.0.r.850,periodicity,#664433,stretched
8.303303303303304,94.45536041030249,MaMi.CoDi,mami.codi.m.1.t.1.h.3.l.0.r.850,periodicity,#664433,stretched
8.318318318318319,94.43532241854041,MaMi.CoDi,mami.codi.m.1.t.1.h.3.l.0.r.850,periodicity,#664433,stretched
8.333333333333334,94.41811127367687,MaMi.CoDi,mami.codi.m.1.t.1.h.3.l.0.r.850,periodicity,#664433,stretched
8.348348348348349,94.40389719399833,MaMi.CoDi,mami.codi.m.1.t.1.h.3.l.0.r.850,periodicity,#664433,stretched
8.363363363363364,94.39280706319205,MaMi.CoDi,mami.codi.m.1.t.1.h.3.l.0.r.850,periodicity,#664433,stretched
8.378378378378379,94.38492435348249,MaMi.CoDi,mami.codi.m.1.t.1.h.3.l.0.r.850,periodicity,#664433,stretched
8.393393393393394,94.38028929928318,MaMi.CoDi,mami.codi.m.1.t.1.h.3.l.0.r.850,periodicity,#664433,stretched
8.408408408408409,94.37889928945253,MaMi.CoDi,mami.codi.m.1.t.1.h.3.l.0.r.850,periodicity,#664433,stretched
8.423423423423424,94.38070946636326,MaMi.CoDi,mami.codi.m.1.t.1.h.3.l.0.r.850,periodicity,#664433,stretched
8.438438438438439,94.3856335386181,MaMi.CoDi,mami.codi.m.1.t.1.h.3.l.0.r.850,periodicity,#664433,stretched
8.453453453453454,94.39354483003123,MaMi.CoDi,mami.codi.m.1.t.1.h.3.l.0.r.850,periodicity,#664433,stretched
8.468468468468469,94.40427759932045,MaMi.CoDi,mami.codi.m.1.t.1.h.3.l.0.r.850,periodicity,#664433,stretched
8.483483483483484,94.41762867200866,MaMi.CoDi,mami.codi.m.1.t.1.h.3.l.0.r.850,periodicity,#664433,stretched
8.498498498498499,94.43335942786175,MaMi.CoDi,mami.codi.m.1.t.1.h.3.l.0.r.850,periodicity,#664433,stretched
8.513513513513514,94.45119818361806,MaMi.CoDi,mami.codi.m.1.t.1.h.3.l.0.r.850,periodicity,#664433,stretched
8.528528528528529,94.47084300204399,MaMi.CoDi,mami.codi.m.1.t.1.h.3.l.0.r.850,periodicity,#664433,stretched
8.543543543543544,94.4919649449547,MaMi.CoDi,mami.codi.m.1.t.1.h.3.l.0.r.850,periodicity,#664433,stretched
8.558558558558559,94.51421177060497,MaMi.CoDi,mami.codi.m.1.t.1.h.3.l.0.r.850,periodicity,#664433,stretched
8.573573573573574,94.53721205578216,MaMi.CoDi,mami.codi.m.1.t.1.h.3.l.0.r.850,periodicity,#664433,stretched
8.588588588588589,94.5605797012735,MaMi.CoDi,mami.codi.m.1.t.1.h.3.l.0.r.850,periodicity,#664433,stretched
8.603603603603604,94.5839187574278,MaMi.CoDi,mami.codi.m.1.t.1.h.3.l.0.r.850,periodicity,#664433,stretched
8.618618618618619,94.60682848572634,MaMi.CoDi,mami.codi.m.1.t.1.h.3.l.0.r.850,periodicity,#664433,stretched
8.633633633633634,94.62890855395578,MaMi.CoDi,mami.codi.m.1.t.1.h.3.l.0.r.850,periodicity,#664433,stretched
8.64864864864865,94.6497642480625,MaMi.CoDi,mami.codi.m.1.t.1.h.3.l.0.r.850,periodicity,#664433,stretched
8.663663663663664,94.66901157421175,MaMi.CoDi,mami.codi.m.1.t.1.h.3.l.0.r.850,periodicity,#664433,stretched
8.67867867867868,94.68628212087589,MaMi.CoDi,mami.codi.m.1.t.1.h.3.l.0.r.850,periodicity,#664433,stretched
8.693693693693694,94.70122755363396,MaMi.CoDi,mami.codi.m.1.t.1.h.3.l.0.r.850,periodicity,#664433,stretched
8.70870870870871,94.71352362504362,MaMi.CoDi,mami.codi.m.1.t.1.h.3.l.0.r.850,periodicity,#664433,stretched
8.723723723723724,94.72287359843787,MaMi.CoDi,mami.codi.m.1.t.1.h.3.l.0.r.850,periodicity,#664433,stretched
8.73873873873874,94.72901100730468,MaMi.CoDi,mami.codi.m.1.t.1.h.3.l.0.r.850,periodicity,#664433,stretched
8.753753753753754,94.73170170018858,MaMi.CoDi,mami.codi.m.1.t.1.h.3.l.0.r.850,periodicity,#664433,stretched
8.76876876876877,94.73074515352585,MaMi.CoDi,mami.codi.m.1.t.1.h.3.l.0.r.850,periodicity,#664433,stretched
8.783783783783784,94.72597506987132,MaMi.CoDi,mami.codi.m.1.t.1.h.3.l.0.r.850,periodicity,#664433,stretched
8.7987987987988,94.71725931469297,MaMi.CoDi,mami.codi.m.1.t.1.h.3.l.0.r.850,periodicity,#664433,stretched
8.813813813813814,94.7044992791599,MaMi.CoDi,mami.codi.m.1.t.1.h.3.l.0.r.850,periodicity,#664433,stretched
8.82882882882883,94.68762878695037,MaMi.CoDi,mami.codi.m.1.t.1.h.3.l.0.r.850,periodicity,#664433,stretched
8.843843843843844,94.66661268787456,MaMi.CoDi,mami.codi.m.1.t.1.h.3.l.0.r.850,periodicity,#664433,stretched
8.85885885885886,94.64144529808132,MaMi.CoDi,mami.codi.m.1.t.1.h.3.l.0.r.850,periodicity,#664433,stretched
8.873873873873874,94.61214885413155,MaMi.CoDi,mami.codi.m.1.t.1.h.3.l.0.r.850,periodicity,#664433,stretched
8.88888888888889,94.57877214512644,MaMi.CoDi,mami.codi.m.1.t.1.h.3.l.0.r.850,periodicity,#664433,stretched
8.903903903903904,94.54138947275051,MaMi.CoDi,mami.codi.m.1.t.1.h.3.l.0.r.850,periodicity,#664433,stretched
8.91891891891892,94.50010006366368,MaMi.CoDi,mami.codi.m.1.t.1.h.3.l.0.r.850,periodicity,#664433,stretched
8.933933933933934,94.45502802294651,MaMi.CoDi,mami.codi.m.1.t.1.h.3.l.0.r.850,periodicity,#664433,stretched
8.94894894894895,94.40632287286563,MaMi.CoDi,mami.codi.m.1.t.1.h.3.l.0.r.850,periodicity,#664433,stretched
8.963963963963964,94.35416067032915,MaMi.CoDi,mami.codi.m.1.t.1.h.3.l.0.r.850,periodicity,#664433,stretched
8.97897897897898,94.29874564192376,MaMi.CoDi,mami.codi.m.1.t.1.h.3.l.0.r.850,periodicity,#664433,stretched
8.993993993993994,94.2403122206682,MaMi.CoDi,mami.codi.m.1.t.1.h.3.l.0.r.850,periodicity,#664433,stretched
9.00900900900901,94.17912731716655,MaMi.CoDi,mami.codi.m.1.t.1.h.3.l.0.r.850,periodicity,#664433,stretched
9.024024024024024,94.11549261331098,MaMi.CoDi,mami.codi.m.1.t.1.h.3.l.0.r.850,periodicity,#664433,stretched
9.03903903903904,94.04974663246561,MaMi.CoDi,mami.codi.m.1.t.1.h.3.l.0.r.850,periodicity,#664433,stretched
9.054054054054054,93.98226631913403,MaMi.CoDi,mami.codi.m.1.t.1.h.3.l.0.r.850,periodicity,#664433,stretched
9.06906906906907,93.91346785575459,MaMi.CoDi,mami.codi.m.1.t.1.h.3.l.0.r.850,periodicity,#664433,stretched
9.084084084084084,93.84380645589569,MaMi.CoDi,mami.codi.m.1.t.1.h.3.l.0.r.850,periodicity,#664433,stretched
9.0990990990991,93.7737749021464,MaMi.CoDi,mami.codi.m.1.t.1.h.3.l.0.r.850,periodicity,#664433,stretched
9.114114114114114,93.70390064274257,MaMi.CoDi,mami.codi.m.1.t.1.h.3.l.0.r.850,periodicity,#664433,stretched
9.12912912912913,93.63474132162725,MaMi.CoDi,mami.codi.m.1.t.1.h.3.l.0.r.850,periodicity,#664433,stretched
9.144144144144144,93.56687868941944,MaMi.CoDi,mami.codi.m.1.t.1.h.3.l.0.r.850,periodicity,#664433,stretched
9.15915915915916,93.50091092393289,MaMi.CoDi,mami.codi.m.1.t.1.h.3.l.0.r.850,periodicity,#664433,stretched
9.174174174174174,93.43744347404319,MaMi.CoDi,mami.codi.m.1.t.1.h.3.l.0.r.850,periodicity,#664433,stretched
9.18918918918919,93.37707862503974,MaMi.CoDi,mami.codi.m.1.t.1.h.3.l.0.r.850,periodicity,#664433,stretched
9.204204204204204,93.3204040621652,MaMi.CoDi,mami.codi.m.1.t.1.h.3.l.0.r.850,periodicity,#664433,stretched
9.21921921921922,93.26798077708443,MaMi.CoDi,mami.codi.m.1.t.1.h.3.l.0.r.850,periodicity,#664433,stretched
9.234234234234235,93.2203307153178,MaMi.CoDi,mami.codi.m.1.t.1.h.3.l.0.r.850,periodicity,#664433,stretched
9.24924924924925,93.17792459773453,MaMi.CoDi,mami.codi.m.1.t.1.h.3.l.0.r.850,periodicity,#664433,stretched
9.264264264264265,93.14117036364426,MaMi.CoDi,mami.codi.m.1.t.1.h.3.l.0.r.850,periodicity,#664433,stretched
9.27927927927928,93.11040267559785,MaMi.CoDi,mami.codi.m.1.t.1.h.3.l.0.r.850,periodicity,#664433,stretched
9.294294294294295,93.08587389680181,MaMi.CoDi,mami.codi.m.1.t.1.h.3.l.0.r.850,periodicity,#664433,stretched
9.30930930930931,93.06774690242538,MaMi.CoDi,mami.codi.m.1.t.1.h.3.l.0.r.850,periodicity,#664433,stretched
9.324324324324325,93.05609001862908,MaMi.CoDi,mami.codi.m.1.t.1.h.3.l.0.r.850,periodicity,#664433,stretched
9.33933933933934,93.05087430150832,MaMi.CoDi,mami.codi.m.1.t.1.h.3.l.0.r.850,periodicity,#664433,stretched
9.354354354354355,93.05197327680233,MaMi.CoDi,mami.codi.m.1.t.1.h.3.l.0.r.850,periodicity,#664433,stretched
9.36936936936937,93.05916516514861,MaMi.CoDi,mami.codi.m.1.t.1.h.3.l.0.r.850,periodicity,#664433,stretched
9.384384384384385,93.07213752209138,MaMi.CoDi,mami.codi.m.1.t.1.h.3.l.0.r.850,periodicity,#664433,stretched
9.3993993993994,93.09049413204278,MaMi.CoDi,mami.codi.m.1.t.1.h.3.l.0.r.850,periodicity,#664433,stretched
9.414414414414415,93.11376391558707,MaMi.CoDi,mami.codi.m.1.t.1.h.3.l.0.r.850,periodicity,#664433,stretched
9.42942942942943,93.14141154379342,MaMi.CoDi,mami.codi.m.1.t.1.h.3.l.0.r.850,periodicity,#664433,stretched
9.444444444444445,93.17284940447782,MaMi.CoDi,mami.codi.m.1.t.1.h.3.l.0.r.850,periodicity,#664433,stretched
9.45945945945946,93.20745053540838,MaMi.CoDi,mami.codi.m.1.t.1.h.3.l.0.r.850,periodicity,#664433,stretched
9.474474474474475,93.24456212883581,MaMi.CoDi,mami.codi.m.1.t.1.h.3.l.0.r.850,periodicity,#664433,stretched
9.48948948948949,93.28351921978135,MaMi.CoDi,mami.codi.m.1.t.1.h.3.l.0.r.850,periodicity,#664433,stretched
9.504504504504505,93.323658195451,MaMi.CoDi,mami.codi.m.1.t.1.h.3.l.0.r.850,periodicity,#664433,stretched
9.51951951951952,93.36432980217938,MaMi.CoDi,mami.codi.m.1.t.1.h.3.l.0.r.850,periodicity,#664433,stretched
9.534534534534535,93.40491137594893,MaMi.CoDi,mami.codi.m.1.t.1.h.3.l.0.r.850,periodicity,#664433,stretched
9.54954954954955,93.44481807878509,MaMi.CoDi,mami.codi.m.1.t.1.h.3.l.0.r.850,periodicity,#664433,stretched
9.564564564564565,93.48351298203866,MaMi.CoDi,mami.codi.m.1.t.1.h.3.l.0.r.850,periodicity,#664433,stretched
9.57957957957958,93.52051589469086,MaMi.CoDi,mami.codi.m.1.t.1.h.3.l.0.r.850,periodicity,#664433,stretched
9.594594594594595,93.55541088671308,MaMi.CoDi,mami.codi.m.1.t.1.h.3.l.0.r.850,periodicity,#664433,stretched
9.60960960960961,93.58785250119767,MaMi.CoDi,mami.codi.m.1.t.1.h.3.l.0.r.850,periodicity,#664433,stretched
9.624624624624625,93.61757068226791,MaMi.CoDi,mami.codi.m.1.t.1.h.3.l.0.r.850,periodicity,#664433,stretched
9.63963963963964,93.64437446750331,MaMi.CoDi,mami.codi.m.1.t.1.h.3.l.0.r.850,periodicity,#664433,stretched
9.654654654654655,93.66815450355216,MaMi.CoDi,mami.codi.m.1.t.1.h.3.l.0.r.850,periodicity,#664433,stretched
9.66966966966967,93.68888444255994,MaMi.CoDi,mami.codi.m.1.t.1.h.3.l.0.r.850,periodicity,#664433,stretched
9.684684684684685,93.70662126667821,MaMi.CoDi,mami.codi.m.1.t.1.h.3.l.0.r.850,periodicity,#664433,stretched
9.6996996996997,93.72150457064879,MaMi.CoDi,mami.codi.m.1.t.1.h.3.l.0.r.850,periodicity,#664433,stretched
9.714714714714715,93.73375481120509,MaMi.CoDi,mami.codi.m.1.t.1.h.3.l.0.r.850,periodicity,#664433,stretched
9.72972972972973,93.74367051001994,MaMi.CoDi,mami.codi.m.1.t.1.h.3.l.0.r.850,periodicity,#664433,stretched
9.744744744744745,93.75162437739215,MaMi.CoDi,mami.codi.m.1.t.1.h.3.l.0.r.850,periodicity,#664433,stretched
9.75975975975976,93.75805830985813,MaMi.CoDi,mami.codi.m.1.t.1.h.3.l.0.r.850,periodicity,#664433,stretched
9.774774774774775,93.76347720898688,MaMi.CoDi,mami.codi.m.1.t.1.h.3.l.0.r.850,periodicity,#664433,stretched
9.78978978978979,93.76844157275144,MaMi.CoDi,mami.codi.m.1.t.1.h.3.l.0.r.850,periodicity,#664433,stretched
9.804804804804805,93.77355882617752,MaMi.CoDi,mami.codi.m.1.t.1.h.3.l.0.r.850,periodicity,#664433,stretched
9.81981981981982,93.77947338476125,MaMi.CoDi,mami.codi.m.1.t.1.h.3.l.0.r.850,periodicity,#664433,stretched
9.834834834834835,93.78685548176938,MaMi.CoDi,mami.codi.m.1.t.1.h.3.l.0.r.850,periodicity,#664433,stretched
9.84984984984985,93.79638883748856,MaMi.CoDi,mami.codi.m.1.t.1.h.3.l.0.r.850,periodicity,#664433,stretched
9.864864864864865,93.80875730248614,MaMi.CoDi,mami.codi.m.1.t.1.h.3.l.0.r.850,periodicity,#664433,stretched
9.87987987987988,93.82463066504167,MaMi.CoDi,mami.codi.m.1.t.1.h.3.l.0.r.850,periodicity,#664433,stretched
9.894894894894895,93.84464987171351,MaMi.CoDi,mami.codi.m.1.t.1.h.3.l.0.r.850,periodicity,#664433,stretched
9.90990990990991,93.86941196584388,MaMi.CoDi,mami.codi.m.1.t.1.h.3.l.0.r.850,periodicity,#664433,stretched
9.924924924924925,93.89945509800415,MaMi.CoDi,mami.codi.m.1.t.1.h.3.l.0.r.850,periodicity,#664433,stretched
9.93993993993994,93.93524400141953,MaMi.CoDi,mami.codi.m.1.t.1.h.3.l.0.r.850,periodicity,#664433,stretched
9.954954954954955,93.9771563511943,MaMi.CoDi,mami.codi.m.1.t.1.h.3.l.0.r.850,periodicity,#664433,stretched
9.96996996996997,94.02547043617203,MaMi.CoDi,mami.codi.m.1.t.1.h.3.l.0.r.850,periodicity,#664433,stretched
9.984984984984985,94.08035456475197,MaMi.CoDi,mami.codi.m.1.t.1.h.3.l.0.r.850,periodicity,#664433,stretched
10,94.14185860004385,MaMi.CoDi,mami.codi.m.1.t.1.h.3.l.0.r.850,periodicity,#664433,stretched
10.015015015015015,94.20990797542412,MaMi.CoDi,mami.codi.m.1.t.1.h.3.l.0.r.850,periodicity,#664433,stretched
10.03003003003003,94.28430047984786,MaMi.CoDi,mami.codi.m.1.t.1.h.3.l.0.r.850,periodicity,#664433,stretched
10.045045045045045,94.36470602510757,MaMi.CoDi,mami.codi.m.1.t.1.h.3.l.0.r.850,periodicity,#664433,stretched
10.06006006006006,94.45066951738826,MaMi.CoDi,mami.codi.m.1.t.1.h.3.l.0.r.850,periodicity,#664433,stretched
10.075075075075075,94.54161685644934,MaMi.CoDi,mami.codi.m.1.t.1.h.3.l.0.r.850,periodicity,#664433,stretched
10.09009009009009,94.6368639816571,MaMi.CoDi,mami.codi.m.1.t.1.h.3.l.0.r.850,periodicity,#664433,stretched
10.105105105105105,94.73562877934899,MaMi.CoDi,mami.codi.m.1.t.1.h.3.l.0.r.850,periodicity,#664433,stretched
10.12012012012012,94.8370455652382,MaMi.CoDi,mami.codi.m.1.t.1.h.3.l.0.r.850,periodicity,#664433,stretched
10.135135135135135,94.9401817633313,MaMi.CoDi,mami.codi.m.1.t.1.h.3.l.0.r.850,periodicity,#664433,stretched
10.15015015015015,95.04405632335505,MaMi.CoDi,mami.codi.m.1.t.1.h.3.l.0.r.850,periodicity,#664433,stretched
10.165165165165165,95.14765935573007,MaMi.CoDi,mami.codi.m.1.t.1.h.3.l.0.r.850,periodicity,#664433,stretched
10.18018018018018,95.2499724196445,MaMi.CoDi,mami.codi.m.1.t.1.h.3.l.0.r.850,periodicity,#664433,stretched
10.195195195195195,95.34998887793367,MaMi.CoDi,mami.codi.m.1.t.1.h.3.l.0.r.850,periodicity,#664433,stretched
10.21021021021021,95.4467337333095,MaMi.CoDi,mami.codi.m.1.t.1.h.3.l.0.r.850,periodicity,#664433,stretched
10.225225225225225,95.53928238403238,MaMi.CoDi,mami.codi.m.1.t.1.h.3.l.0.r.850,periodicity,#664433,stretched
10.24024024024024,95.62677778226376,MaMi.CoDi,mami.codi.m.1.t.1.h.3.l.0.r.850,periodicity,#664433,stretched
10.255255255255255,95.70844554292078,MaMi.CoDi,mami.codi.m.1.t.1.h.3.l.0.r.850,periodicity,#664433,stretched
10.27027027027027,95.78360663173744,MaMi.CoDi,mami.codi.m.1.t.1.h.3.l.0.r.850,periodicity,#664433,stretched
10.285285285285285,95.85168735452825,MaMi.CoDi,mami.codi.m.1.t.1.h.3.l.0.r.850,periodicity,#664433,stretched
10.3003003003003,95.91222647085715,MaMi.CoDi,mami.codi.m.1.t.1.h.3.l.0.r.850,periodicity,#664433,stretched
10.315315315315315,95.9648793596101,MaMi.CoDi,mami.codi.m.1.t.1.h.3.l.0.r.850,periodicity,#664433,stretched
10.33033033033033,96.00941926652051,MaMi.CoDi,mami.codi.m.1.t.1.h.3.l.0.r.850,periodicity,#664433,stretched
10.345345345345345,96.04573575982761,MaMi.CoDi,mami.codi.m.1.t.1.h.3.l.0.r.850,periodicity,#664433,stretched
10.36036036036036,96.07383060584655,MaMi.CoDi,mami.codi.m.1.t.1.h.3.l.0.r.850,periodicity,#664433,stretched
10.375375375375375,96.0938113478385,MaMi.CoDi,mami.codi.m.1.t.1.h.3.l.0.r.850,periodicity,#664433,stretched
10.39039039039039,96.10588292670926,MaMi.CoDi,mami.codi.m.1.t.1.h.3.l.0.r.850,periodicity,#664433,stretched
10.405405405405405,96.11033771921687,MaMi.CoDi,mami.codi.m.1.t.1.h.3.l.0.r.850,periodicity,#664433,stretched
10.42042042042042,96.10754438818007,MaMi.CoDi,mami.codi.m.1.t.1.h.3.l.0.r.850,periodicity,#664433,stretched
10.435435435435435,96.09793594028997,MaMi.CoDi,mami.codi.m.1.t.1.h.3.l.0.r.850,periodicity,#664433,stretched
10.45045045045045,96.08199737220161,MaMi.CoDi,mami.codi.m.1.t.1.h.3.l.0.r.850,periodicity,#664433,stretched
10.465465465465465,96.06025325708868,MaMi.CoDi,mami.codi.m.1.t.1.h.3.l.0.r.850,periodicity,#664433,stretched
10.48048048048048,96.03325558482105,MaMi.CoDi,mami.codi.m.1.t.1.h.3.l.0.r.850,periodicity,#664433,stretched
10.495495495495495,96.00157212283364,MaMi.CoDi,mami.codi.m.1.t.1.h.3.l.0.r.850,periodicity,#664433,stretched
10.51051051051051,95.96577551507039,MaMi.CoDi,mami.codi.m.1.t.1.h.3.l.0.r.850,periodicity,#664433,stretched
10.525525525525525,95.926433286465965,MaMi.CoDi,mami.codi.m.1.t.1.h.3.l.0.r.850,periodicity,#664433,stretched
10.54054054054054,95.88409887321689,MaMi.CoDi,mami.codi.m.1.t.1.h.3.l.0.r.850,periodicity,#664433,stretched
10.555555555555555,95.83930375689943,MaMi.CoDi,mami.codi.m.1.t.1.h.3.l.0.r.850,periodicity,#664433,stretched
10.57057057057057,95.79255074494863,MaMi.CoDi,mami.codi.m.1.t.1.h.3.l.0.r.850,periodicity,#664433,stretched
10.585585585585585,95.74430841189118,MaMi.CoDi,mami.codi.m.1.t.1.h.3.l.0.r.850,periodicity,#664433,stretched
10.6006006006006,95.69500669504035,MaMi.CoDi,mami.codi.m.1.t.1.h.3.l.0.r.850,periodicity,#664433,stretched
10.615615615615615,95.64503362436989,MaMi.CoDi,mami.codi.m.1.t.1.h.3.l.0.r.850,periodicity,#664433,stretched
10.63063063063063,95.59473315766928,MaMi.CoDi,mami.codi.m.1.t.1.h.3.l.0.r.850,periodicity,#664433,stretched
10.645645645645645,95.54440408708453,MaMi.CoDi,mami.codi.m.1.t.1.h.3.l.0.r.850,periodicity,#664433,stretched
10.66066066066066,95.4942999798388,MaMi.CoDi,mami.codi.m.1.t.1.h.3.l.0.r.850,periodicity,#664433,stretched
10.675675675675675,95.44463011235435,MaMi.CoDi,mami.codi.m.1.t.1.h.3.l.0.r.850,periodicity,#664433,stretched
10.69069069069069,95.39556135147647,MaMi.CoDi,mami.codi.m.1.t.1.h.3.l.0.r.850,periodicity,#664433,stretched
10.705705705705705,95.34722092774419,MaMi.CoDi,mami.codi.m.1.t.1.h.3.l.0.r.850,periodicity,#664433,stretched
10.72072072072072,95.29970003292748,MaMi.CoDi,mami.codi.m.1.t.1.h.3.l.0.r.850,periodicity,#664433,stretched
10.735735735735735,95.25305815727467,MaMi.CoDi,mami.codi.m.1.t.1.h.3.l.0.r.850,periodicity,#664433,stretched
10.75075075075075,95.20732806165667,MaMi.CoDi,mami.codi.m.1.t.1.h.3.l.0.r.850,periodicity,#664433,stretched
10.765765765765765,95.1625212572148,MaMi.CoDi,mami.codi.m.1.t.1.h.3.l.0.r.850,periodicity,#664433,stretched
10.78078078078078,95.11863384191896,MaMi.CoDi,mami.codi.m.1.t.1.h.3.l.0.r.850,periodicity,#664433,stretched
10.795795795795796,95.07565252160289,MaMi.CoDi,mami.codi.m.1.t.1.h.3.l.0.r.850,periodicity,#664433,stretched
10.81081081081081,95.03356062476684,MaMi.CoDi,mami.codi.m.1.t.1.h.3.l.0.r.850,periodicity,#664433,stretched
10.825825825825826,94.99234390777535,MaMi.CoDi,mami.codi.m.1.t.1.h.3.l.0.r.850,periodicity,#664433,stretched
10.84084084084084,94.9519959418979,MaMi.CoDi,mami.codi.m.1.t.1.h.3.l.0.r.850,periodicity,#664433,stretched
10.855855855855856,94.91252287727448,MaMi.CoDi,mami.codi.m.1.t.1.h.3.l.0.r.850,periodicity,#664433,stretched
10.87087087087087,94.87394739213505,MaMi.CoDi,mami.codi.m.1.t.1.h.3.l.0.r.850,periodicity,#664433,stretched
10.885885885885886,94.83631165850613,MaMi.CoDi,mami.codi.m.1.t.1.h.3.l.0.r.850,periodicity,#664433,stretched
10.9009009009009,94.79967918759827,MaMi.CoDi,mami.codi.m.1.t.1.h.3.l.0.r.850,periodicity,#664433,stretched
10.915915915915916,94.76413545774443,MaMi.CoDi,mami.codi.m.1.t.1.h.3.l.0.r.850,periodicity,#664433,stretched
10.93093093093093,94.72978727327148,MaMi.CoDi,mami.codi.m.1.t.1.h.3.l.0.r.850,periodicity,#664433,stretched
10.945945945945946,94.69676085174042,MaMi.CoDi,mami.codi.m.1.t.1.h.3.l.0.r.850,periodicity,#664433,stretched
10.96096096096096,94.66519868701225,MaMi.CoDi,mami.codi.m.1.t.1.h.3.l.0.r.850,periodicity,#664433,stretched
10.975975975975976,94.63525528404485,MaMi.CoDi,mami.codi.m.1.t.1.h.3.l.0.r.850,periodicity,#664433,stretched
10.99099099099099,94.6070919057814,MaMi.CoDi,mami.codi.m.1.t.1.h.3.l.0.r.850,periodicity,#664433,stretched
11.006006006006006,94.58087051091233,MaMi.CoDi,mami.codi.m.1.t.1.h.3.l.0.r.850,periodicity,#664433,stretched
11.02102102102102,94.55674709213599,MaMi.CoDi,mami.codi.m.1.t.1.h.3.l.0.r.850,periodicity,#664433,stretched
11.036036036036036,94.53486464680604,MaMi.CoDi,mami.codi.m.1.t.1.h.3.l.0.r.850,periodicity,#664433,stretched
11.05105105105105,94.51534602516938,MaMi.CoDi,mami.codi.m.1.t.1.h.3.l.0.r.850,periodicity,#664433,stretched
11.066066066066066,94.49828690593205,MaMi.CoDi,mami.codi.m.1.t.1.h.3.l.0.r.850,periodicity,#664433,stretched
11.08108108108108,94.48374914528122,MaMi.CoDi,mami.codi.m.1.t.1.h.3.l.0.r.850,periodicity,#664433,stretched
11.096096096096096,94.47175473469913,MaMi.CoDi,mami.codi.m.1.t.1.h.3.l.0.r.850,periodicity,#664433,stretched
11.11111111111111,94.46228058608817,MaMi.CoDi,mami.codi.m.1.t.1.h.3.l.0.r.850,periodicity,#664433,stretched
11.126126126126126,94.45525434099254,MaMi.CoDi,mami.codi.m.1.t.1.h.3.l.0.r.850,periodicity,#664433,stretched
11.14114114114114,94.45055137509381,MaMi.CoDi,mami.codi.m.1.t.1.h.3.l.0.r.850,periodicity,#664433,stretched
11.156156156156156,94.44799314039649,MaMi.CoDi,mami.codi.m.1.t.1.h.3.l.0.r.850,periodicity,#664433,stretched
11.17117117117117,94.44734695606901,MaMi.CoDi,mami.codi.m.1.t.1.h.3.l.0.r.850,periodicity,#664433,stretched
11.186186186186186,94.44832732490065,MaMi.CoDi,mami.codi.m.1.t.1.h.3.l.0.r.850,periodicity,#664433,stretched
11.2012012012012,94.45059881567263,MaMi.CoDi,mami.codi.m.1.t.1.h.3.l.0.r.850,periodicity,#664433,stretched
11.216216216216216,94.45378051217756,MaMi.CoDi,mami.codi.m.1.t.1.h.3.l.0.r.850,periodicity,#664433,stretched
11.23123123123123,94.4574519869739,MaMi.CoDi,mami.codi.m.1.t.1.h.3.l.0.r.850,periodicity,#664433,stretched
11.246246246246246,94.46116071219414,MaMi.CoDi,mami.codi.m.1.t.1.h.3.l.0.r.850,periodicity,#664433,stretched
11.26126126126126,94.46443077124971,MaMi.CoDi,mami.codi.m.1.t.1.h.3.l.0.r.850,periodicity,#664433,stretched
11.276276276276276,94.46677268494352,MaMi.CoDi,mami.codi.m.1.t.1.h.3.l.0.r.850,periodicity,#664433,stretched
11.29129129129129,94.46769411484837,MaMi.CoDi,mami.codi.m.1.t.1.h.3.l.0.r.850,periodicity,#664433,stretched
11.306306306306306,94.46671115793623,MaMi.CoDi,mami.codi.m.1.t.1.h.3.l.0.r.850,periodicity,#664433,stretched
11.32132132132132,94.46335990207076,MaMi.CoDi,mami.codi.m.1.t.1.h.3.l.0.r.850,periodicity,#664433,stretched
11.336336336336336,94.45720787520366,MaMi.CoDi,mami.codi.m.1.t.1.h.3.l.0.r.850,periodicity,#664433,stretched
11.35135135135135,94.44786499528202,MaMi.CoDi,mami.codi.m.1.t.1.h.3.l.0.r.850,periodicity,#664433,stretched
11.366366366366366,94.43499361620104,MaMi.CoDi,mami.codi.m.1.t.1.h.3.l.0.r.850,periodicity,#664433,stretched
11.381381381381381,94.4183172704593,MaMi.CoDi,mami.codi.m.1.t.1.h.3.l.0.r.850,periodicity,#664433,stretched
11.396396396396396,94.39762773361491,MaMi.CoDi,mami.codi.m.1.t.1.h.3.l.0.r.850,periodicity,#664433,stretched
11.411411411411411,94.37279008025628,MaMi.CoDi,mami.codi.m.1.t.1.h.3.l.0.r.850,periodicity,#664433,stretched
11.426426426426426,94.34374546585079,MaMi.CoDi,mami.codi.m.1.t.1.h.3.l.0.r.850,periodicity,#664433,stretched
11.441441441441441,94.31051145191444,MaMi.CoDi,mami.codi.m.1.t.1.h.3.l.0.r.850,periodicity,#664433,stretched
11.456456456456456,94.27317979046909,MaMi.CoDi,mami.codi.m.1.t.1.h.3.l.0.r.850,periodicity,#664433,stretched
11.471471471471471,94.23191169334567,MaMi.CoDi,mami.codi.m.1.t.1.h.3.l.0.r.850,periodicity,#664433,stretched
11.486486486486486,94.18693072706685,MaMi.CoDi,mami.codi.m.1.t.1.h.3.l.0.r.850,periodicity,#664433,stretched
11.501501501501501,94.13851358849149,MaMi.CoDi,mami.codi.m.1.t.1.h.3.l.0.r.850,periodicity,#664433,stretched
11.516516516516516,94.08697912341773,MaMi.CoDi,mami.codi.m.1.t.1.h.3.l.0.r.850,periodicity,#664433,stretched
11.531531531531531,94.03267604328536,MaMi.CoDi,mami.codi.m.1.t.1.h.3.l.0.r.850,periodicity,#664433,stretched
11.546546546546546,93.9759698678908,MaMi.CoDi,mami.codi.m.1.t.1.h.3.l.0.r.850,periodicity,#664433,stretched
11.561561561561561,93.91722966959371,MaMi.CoDi,mami.codi.m.1.t.1.h.3.l.0.r.850,periodicity,#664433,stretched
11.576576576576576,93.8568152131623,MaMi.CoDi,mami.codi.m.1.t.1.h.3.l.0.r.850,periodicity,#664433,stretched
11.591591591591591,93.79506507330233,MaMi.CoDi,mami.codi.m.1.t.1.h.3.l.0.r.850,periodicity,#664433,stretched
11.606606606606606,93.73228626899484,MaMi.CoDi,mami.codi.m.1.t.1.h.3.l.0.r.850,periodicity,#664433,stretched
11.621621621621621,93.6687458819814,MaMi.CoDi,mami.codi.m.1.t.1.h.3.l.0.r.850,periodicity,#664433,stretched
11.636636636636636,93.60466502983462,MaMi.CoDi,mami.codi.m.1.t.1.h.3.l.0.r.850,periodicity,#664433,stretched
11.651651651651651,93.54021544743095,MaMi.CoDi,mami.codi.m.1.t.1.h.3.l.0.r.850,periodicity,#664433,stretched
11.666666666666666,93.47551880085315,MaMi.CoDi,mami.codi.m.1.t.1.h.3.l.0.r.850,periodicity,#664433,stretched
11.681681681681681,93.41064872222624,MaMi.CoDi,mami.codi.m.1.t.1.h.3.l.0.r.850,periodicity,#664433,stretched
11.696696696696696,93.34563542034786,MaMi.CoDi,mami.codi.m.1.t.1.h.3.l.0.r.850,periodicity,#664433,stretched
11.711711711711711,93.28047259769902,MaMi.CoDi,mami.codi.m.1.t.1.h.3.l.0.r.850,periodicity,#664433,stretched
11.726726726726726,93.21512629618964,MaMi.CoDi,mami.codi.m.1.t.1.h.3.l.0.r.850,periodicity,#664433,stretched
11.741741741741741,93.14954520745827,MaMi.CoDi,mami.codi.m.1.t.1.h.3.l.0.r.850,periodicity,#664433,stretched
11.756756756756756,93.08367192280623,MaMi.CoDi,mami.codi.m.1.t.1.h.3.l.0.r.850,periodicity,#664433,stretched
11.771771771771771,93.01745456540758,MaMi.CoDi,mami.codi.m.1.t.1.h.3.l.0.r.850,periodicity,#664433,stretched
11.786786786786786,92.95085824404426,MaMi.CoDi,mami.codi.m.1.t.1.h.3.l.0.r.850,periodicity,#664433,stretched
11.801801801801801,92.88387579226303,MaMi.CoDi,mami.codi.m.1.t.1.h.3.l.0.r.850,periodicity,#664433,stretched
11.816816816816816,92.8165373070641,MaMi.CoDi,mami.codi.m.1.t.1.h.3.l.0.r.850,periodicity,#664433,stretched
11.831831831831831,92.7489180731392,MaMi.CoDi,mami.codi.m.1.t.1.h.3.l.0.r.850,periodicity,#664433,stretched
11.846846846846846,92.68114454751009,MaMi.CoDi,mami.codi.m.1.t.1.h.3.l.0.r.850,periodicity,#664433,stretched
11.861861861861861,92.61339817971297,MaMi.CoDi,mami.codi.m.1.t.1.h.3.l.0.r.850,periodicity,#664433,stretched
11.876876876876876,92.54591694877733,MaMi.CoDi,mami.codi.m.1.t.1.h.3.l.0.r.850,periodicity,#664433,stretched
11.891891891891891,92.47899460453952,MaMi.CoDi,mami.codi.m.1.t.1.h.3.l.0.r.850,periodicity,#664433,stretched
11.906906906906906,92.4129777021742,MaMi.CoDi,mami.codi.m.1.t.1.h.3.l.0.r.850,periodicity,#664433,stretched
11.921921921921921,92.34826061066933,MaMi.CoDi,mami.codi.m.1.t.1.h.3.l.0.r.850,periodicity,#664433,stretched
11.936936936936936,92.28527875468366,MaMi.CoDi,mami.codi.m.1.t.1.h.3.l.0.r.850,periodicity,#664433,stretched
11.951951951951951,92.22450041205806,MaMi.CoDi,mami.codi.m.1.t.1.h.3.l.0.r.850,periodicity,#664433,stretched
11.966966966966966,92.16641743449529,MaMi.CoDi,mami.codi.m.1.t.1.h.3.l.0.r.850,periodicity,#664433,stretched
11.981981981981981,92.1115352857839,MaMi.CoDi,mami.codi.m.1.t.1.h.3.l.0.r.850,periodicity,#664433,stretched
11.996996996996996,92.06036280053304,MaMi.CoDi,mami.codi.m.1.t.1.h.3.l.0.r.850,periodicity,#664433,stretched
12.012012012012011,92.0134020575572,MaMi.CoDi,mami.codi.m.1.t.1.h.3.l.0.r.850,periodicity,#664433,stretched
12.027027027027026,91.9711387372986,MaMi.CoDi,mami.codi.m.1.t.1.h.3.l.0.r.850,periodicity,#664433,stretched
12.042042042042041,91.93403329395937,MaMi.CoDi,mami.codi.m.1.t.1.h.3.l.0.r.850,periodicity,#664433,stretched
12.057057057057056,91.90251322265854,MaMi.CoDi,mami.codi.m.1.t.1.h.3.l.0.r.850,periodicity,#664433,stretched
12.072072072072071,91.87696664247423,MaMi.CoDi,mami.codi.m.1.t.1.h.3.l.0.r.850,periodicity,#664433,stretched
12.087087087087086,91.85773735032862,MaMi.CoDi,mami.codi.m.1.t.1.h.3.l.0.r.850,periodicity,#664433,stretched
12.102102102102101,91.84512143105653,MaMi.CoDi,mami.codi.m.1.t.1.h.3.l.0.r.850,periodicity,#664433,stretched
12.117117117117116,91.83936543831565,MaMi.CoDi,mami.codi.m.1.t.1.h.3.l.0.r.850,periodicity,#664433,stretched
12.132132132132131,91.8406660918936,MaMi.CoDi,mami.codi.m.1.t.1.h.3.l.0.r.850,periodicity,#664433,stretched
12.147147147147146,91.84917137190736,MaMi.CoDi,mami.codi.m.1.t.1.h.3.l.0.r.850,periodicity,#664433,stretched
12.162162162162161,91.86498283171694,MaMi.CoDi,mami.codi.m.1.t.1.h.3.l.0.r.850,periodicity,#664433,stretched
12.177177177177176,91.88815890122437,MaMi.CoDi,mami.codi.m.1.t.1.h.3.l.0.r.850,periodicity,#664433,stretched
12.192192192192191,91.91871891243615,MaMi.CoDi,mami.codi.m.1.t.1.h.3.l.0.r.850,periodicity,#664433,stretched
12.207207207207206,91.9566475513275,MaMi.CoDi,mami.codi.m.1.t.1.h.3.l.0.r.850,periodicity,#664433,stretched
12.222222222222221,92.00189942527696,MaMi.CoDi,mami.codi.m.1.t.1.h.3.l.0.r.850,periodicity,#664433,stretched
12.237237237237236,92.05440343440443,MaMi.CoDi,mami.codi.m.1.t.1.h.3.l.0.r.850,periodicity,#664433,stretched
12.252252252252251,92.11406664823761,MaMi.CoDi,mami.codi.m.1.t.1.h.3.l.0.r.850,periodicity,#664433,stretched
12.267267267267266,92.18077741592256,MaMi.CoDi,mami.codi.m.1.t.1.h.3.l.0.r.850,periodicity,#664433,stretched
12.282282282282281,92.25440747779108,MaMi.CoDi,mami.codi.m.1.t.1.h.3.l.0.r.850,periodicity,#664433,stretched
12.297297297297296,92.33481289702407,MaMi.CoDi,mami.codi.m.1.t.1.h.3.l.0.r.850,periodicity,#664433,stretched
12.312312312312311,92.42183369041399,MaMi.CoDi,mami.codi.m.1.t.1.h.3.l.0.r.850,periodicity,#664433,stretched
12.327327327327327,92.5152921043614,MaMi.CoDi,mami.codi.m.1.t.1.h.3.l.0.r.850,periodicity,#664433,stretched
12.342342342342342,92.61498955343986,MaMi.CoDi,mami.codi.m.1.t.1.h.3.l.0.r.850,periodicity,#664433,stretched
12.357357357357357,92.7207023110633,MaMi.CoDi,mami.codi.m.1.t.1.h.3.l.0.r.850,periodicity,#664433,stretched
12.372372372372372,92.83217611186389,MaMi.CoDi,mami.codi.m.1.t.1.h.3.l.0.r.850,periodicity,#664433,stretched
12.387387387387387,92.94911989027533,MaMi.CoDi,mami.codi.m.1.t.1.h.3.l.0.r.850,periodicity,#664433,stretched
12.402402402402402,93.0711989366619,MaMi.CoDi,mami.codi.m.1.t.1.h.3.l.0.r.850,periodicity,#664433,stretched
12.417417417417417,93.19802779866944,MaMi.CoDi,mami.codi.m.1.t.1.h.3.l.0.r.850,periodicity,#664433,stretched
12.432432432432432,93.32916328929134,MaMi.CoDi,mami.codi.m.1.t.1.h.3.l.0.r.850,periodicity,#664433,stretched
12.447447447447447,93.46409798300323,MaMi.CoDi,mami.codi.m.1.t.1.h.3.l.0.r.850,periodicity,#664433,stretched
12.462462462462462,93.60225458639283,MaMi.CoDi,mami.codi.m.1.t.1.h.3.l.0.r.850,periodicity,#664433,stretched
12.477477477477477,93.74298155977624,MaMi.CoDi,mami.codi.m.1.t.1.h.3.l.0.r.850,periodicity,#664433,stretched
12.492492492492492,93.88555034176181,MaMi.CoDi,mami.codi.m.1.t.1.h.3.l.0.r.850,periodicity,#664433,stretched
12.507507507507507,94.02915449045956,MaMi.CoDi,mami.codi.m.1.t.1.h.3.l.0.r.850,periodicity,#664433,stretched
12.522522522522522,94.17291100448256,MaMi.CoDi,mami.codi.m.1.t.1.h.3.l.0.r.850,periodicity,#664433,stretched
12.537537537537537,94.31586402571826,MaMi.CoDi,mami.codi.m.1.t.1.h.3.l.0.r.850,periodicity,#664433,stretched
12.552552552552552,94.45699105610367,MaMi.CoDi,mami.codi.m.1.t.1.h.3.l.0.r.850,periodicity,#664433,stretched
12.567567567567567,94.5952117444711,MaMi.CoDi,mami.codi.m.1.t.1.h.3.l.0.r.850,periodicity,#664433,stretched
12.582582582582582,94.7293992191895,MaMi.CoDi,mami.codi.m.1.t.1.h.3.l.0.r.850,periodicity,#664433,stretched
12.597597597597597,94.85839386010326,MaMi.CoDi,mami.codi.m.1.t.1.h.3.l.0.r.850,periodicity,#664433,stretched
12.612612612612612,94.98101932139903,MaMi.CoDi,mami.codi.m.1.t.1.h.3.l.0.r.850,periodicity,#664433,stretched
12.627627627627627,95.09610053772998,MaMi.CoDi,mami.codi.m.1.t.1.h.3.l.0.r.850,periodicity,#664433,stretched
12.642642642642642,95.20248337130774,MaMi.CoDi,mami.codi.m.1.t.1.h.3.l.0.r.850,periodicity,#664433,stretched
12.657657657657657,95.29905548980861,MaMi.CoDi,mami.codi.m.1.t.1.h.3.l.0.r.850,periodicity,#664433,stretched
12.672672672672672,95.38476800580933,MaMi.CoDi,mami.codi.m.1.t.1.h.3.l.0.r.850,periodicity,#664433,stretched
12.687687687687687,95.45865735994067,MaMi.CoDi,mami.codi.m.1.t.1.h.3.l.0.r.850,periodicity,#664433,stretched
12.702702702702702,95.51986689384422,MaMi.CoDi,mami.codi.m.1.t.1.h.3.l.0.r.850,periodicity,#664433,stretched
12.717717717717717,95.56766753691242,MaMi.CoDi,mami.codi.m.1.t.1.h.3.l.0.r.850,periodicity,#664433,stretched
12.732732732732732,95.60147702416597,MaMi.CoDi,mami.codi.m.1.t.1.h.3.l.0.r.850,periodicity,#664433,stretched
12.747747747747747,95.62087707257598,MaMi.CoDi,mami.codi.m.1.t.1.h.3.l.0.r.850,periodicity,#664433,stretched
12.762762762762762,95.6256279704756,MaMi.CoDi,mami.codi.m.1.t.1.h.3.l.0.r.850,periodicity,#664433,stretched
12.777777777777777,95.61568007975266,MaMi.CoDi,mami.codi.m.1.t.1.h.3.l.0.r.850,periodicity,#664433,stretched
12.792792792792792,95.59118181304248,MaMi.CoDi,mami.codi.m.1.t.1.h.3.l.0.r.850,periodicity,#664433,stretched
12.807807807807807,95.55248372732729,MaMi.CoDi,mami.codi.m.1.t.1.h.3.l.0.r.850,periodicity,#664433,stretched
12.822822822822824,95.50013846968348,MaMi.CoDi,mami.codi.m.1.t.1.h.3.l.0.r.850,periodicity,#664433,stretched
12.837837837837839,95.43489641819151,MaMi.CoDi,mami.codi.m.1.t.1.h.3.l.0.r.850,periodicity,#664433,stretched
12.852852852852854,95.35769697837442,MaMi.CoDi,mami.codi.m.1.t.1.h.3.l.0.r.850,periodicity,#664433,stretched
12.867867867867869,95.26965561944287,MaMi.CoDi,mami.codi.m.1.t.1.h.3.l.0.r.850,periodicity,#664433,stretched
12.882882882882884,95.17204686108194,MaMi.CoDi,mami.codi.m.1.t.1.h.3.l.0.r.850,periodicity,#664433,stretched
12.897897897897899,95.06628354613294,MaMi.CoDi,mami.codi.m.1.t.1.h.3.l.0.r.850,periodicity,#664433,stretched
12.912912912912914,94.95389285267255,MaMi.CoDi,mami.codi.m.1.t.1.h.3.l.0.r.850,periodicity,#664433,stretched
12.927927927927929,94.83648960609457,MaMi.CoDi,mami.codi.m.1.t.1.h.3.l.0.r.850,periodicity,#664433,stretched
12.942942942942944,94.71574754344401,MaMi.CoDi,mami.codi.m.1.t.1.h.3.l.0.r.850,periodicity,#664433,stretched
12.957957957957959,94.593369254484,MaMi.CoDi,mami.codi.m.1.t.1.h.3.l.0.r.850,periodicity,#664433,stretched
12.972972972972974,94.47105557346245,MaMi.CoDi,mami.codi.m.1.t.1.h.3.l.0.r.850,periodicity,#664433,stretched
12.987987987987989,94.35047521979003,MaMi.CoDi,mami.codi.m.1.t.1.h.3.l.0.r.850,periodicity,#664433,stretched
13.003003003003004,94.2332354832897,MaMi.CoDi,mami.codi.m.1.t.1.h.3.l.0.r.850,periodicity,#664433,stretched
13.018018018018019,94.12085471988281,MaMi.CoDi,mami.codi.m.1.t.1.h.3.l.0.r.850,periodicity,#664433,stretched
13.033033033033034,94.0147373671801,MaMi.CoDi,mami.codi.m.1.t.1.h.3.l.0.r.850,periodicity,#664433,stretched
13.048048048048049,93.91615210824764,MaMi.CoDi,mami.codi.m.1.t.1.h.3.l.0.r.850,periodicity,#664433,stretched
13.063063063063064,93.8262137086438,MaMi.CoDi,mami.codi.m.1.t.1.h.3.l.0.r.850,periodicity,#664433,stretched
13.078078078078079,93.74586893049997,MaMi.CoDi,mami.codi.m.1.t.1.h.3.l.0.r.850,periodicity,#664433,stretched
13.093093093093094,93.67588679252358,MaMi.CoDi,mami.codi.m.1.t.1.h.3.l.0.r.850,periodicity,#664433,stretched
13.108108108108109,93.61685330154287,MaMi.CoDi,mami.codi.m.1.t.1.h.3.l.0.r.850,periodicity,#664433,stretched
13.123123123123124,93.56917063514068,MaMi.CoDi,mami.codi.m.1.t.1.h.3.l.0.r.850,periodicity,#664433,stretched
13.138138138138139,93.5330606117439,MaMi.CoDi,mami.codi.m.1.t.1.h.3.l.0.r.850,periodicity,#664433,stretched
13.153153153153154,93.50857214976521,MaMi.CoDi,mami.codi.m.1.t.1.h.3.l.0.r.850,periodicity,#664433,stretched
13.168168168168169,93.49559229624029,MaMi.CoDi,mami.codi.m.1.t.1.h.3.l.0.r.850,periodicity,#664433,stretched
13.183183183183184,93.493860302418355,MaMi.CoDi,mami.codi.m.1.t.1.h.3.l.0.r.850,periodicity,#664433,stretched
13.198198198198199,93.50298414270928,MaMi.CoDi,mami.codi.m.1.t.1.h.3.l.0.r.850,periodicity,#664433,stretched
13.213213213213214,93.52245881708559,MaMi.CoDi,mami.codi.m.1.t.1.h.3.l.0.r.850,periodicity,#664433,stretched
13.228228228228229,93.55168574718857,MaMi.CoDi,mami.codi.m.1.t.1.h.3.l.0.r.850,periodicity,#664433,stretched
13.243243243243244,93.58999257359932,MaMi.CoDi,mami.codi.m.1.t.1.h.3.l.0.r.850,periodicity,#664433,stretched
13.258258258258259,93.63665268544563,MaMi.CoDi,mami.codi.m.1.t.1.h.3.l.0.r.850,periodicity,#664433,stretched
13.273273273273274,93.6909038620419,MaMi.CoDi,mami.codi.m.1.t.1.h.3.l.0.r.850,periodicity,#664433,stretched
13.288288288288289,93.75196547693974,MaMi.CoDi,mami.codi.m.1.t.1.h.3.l.0.r.850,periodicity,#664433,stretched
13.303303303303304,93.81905380401264,MaMi.CoDi,mami.codi.m.1.t.1.h.3.l.0.r.850,periodicity,#664433,stretched
13.318318318318319,93.89139506874322,MaMi.CoDi,mami.codi.m.1.t.1.h.3.l.0.r.850,periodicity,#664433,stretched
13.333333333333334,93.96823600092262,MaMi.CoDi,mami.codi.m.1.t.1.h.3.l.0.r.850,periodicity,#664433,stretched
13.348348348348349,94.04885176243161,MaMi.CoDi,mami.codi.m.1.t.1.h.3.l.0.r.850,periodicity,#664433,stretched
13.363363363363364,94.13255124048871,MaMi.CoDi,mami.codi.m.1.t.1.h.3.l.0.r.850,periodicity,#664433,stretched
13.378378378378379,94.21867980775195,MaMi.CoDi,mami.codi.m.1.t.1.h.3.l.0.r.850,periodicity,#664433,stretched
13.393393393393394,94.3066197513266,MaMi.CoDi,mami.codi.m.1.t.1.h.3.l.0.r.850,periodicity,#664433,stretched
13.408408408408409,94.39578865905284,MaMi.CoDi,mami.codi.m.1.t.1.h.3.l.0.r.850,periodicity,#664433,stretched
13.423423423423424,94.48563612016645,MaMi.CoDi,mami.codi.m.1.t.1.h.3.l.0.r.850,periodicity,#664433,stretched
13.438438438438439,94.57563914617239,MaMi.CoDi,mami.codi.m.1.t.1.h.3.l.0.r.850,periodicity,#664433,stretched
13.453453453453454,94.66529674517716,MaMi.CoDi,mami.codi.m.1.t.1.h.3.l.0.r.850,periodicity,#664433,stretched
13.468468468468469,94.75412408868036,MaMi.CoDi,mami.codi.m.1.t.1.h.3.l.0.r.850,periodicity,#664433,stretched
13.483483483483484,94.84164669465326,MaMi.CoDi,mami.codi.m.1.t.1.h.3.l.0.r.850,periodicity,#664433,stretched
13.498498498498499,94.9273950163571,MaMi.CoDi,mami.codi.m.1.t.1.h.3.l.0.r.850,periodicity,#664433,stretched
13.513513513513514,95.01089977543135,MaMi.CoDi,mami.codi.m.1.t.1.h.3.l.0.r.850,periodicity,#664433,stretched
13.528528528528529,95.09168831369591,MaMi.CoDi,mami.codi.m.1.t.1.h.3.l.0.r.850,periodicity,#664433,stretched
13.543543543543544,95.16928216482036,MaMi.CoDi,mami.codi.m.1.t.1.h.3.l.0.r.850,periodicity,#664433,stretched
13.558558558558559,95.24319596886151,MaMi.CoDi,mami.codi.m.1.t.1.h.3.l.0.r.850,periodicity,#664433,stretched
13.573573573573574,95.31293777405185,MaMi.CoDi,mami.codi.m.1.t.1.h.3.l.0.r.850,periodicity,#664433,stretched
13.588588588588589,95.37801069545553,MaMi.CoDi,mami.codi.m.1.t.1.h.3.l.0.r.850,periodicity,#664433,stretched
13.603603603603604,95.43791583305838,MaMi.CoDi,mami.codi.m.1.t.1.h.3.l.0.r.850,periodicity,#664433,stretched
13.618618618618619,95.49215629583745,MaMi.CoDi,mami.codi.m.1.t.1.h.3.l.0.r.850,periodicity,#664433,stretched
13.633633633633634,95.54024213582443,MaMi.CoDi,mami.codi.m.1.t.1.h.3.l.0.r.850,periodicity,#664433,stretched
13.64864864864865,95.58169596868375,MaMi.CoDi,mami.codi.m.1.t.1.h.3.l.0.r.850,periodicity,#664433,stretched
13.663663663663664,95.61605904537126,MaMi.CoDi,mami.codi.m.1.t.1.h.3.l.0.r.850,periodicity,#664433,stretched
13.67867867867868,95.6428975425238,MaMi.CoDi,mami.codi.m.1.t.1.h.3.l.0.r.850,periodicity,#664433,stretched
13.693693693693694,95.66180885581603,MaMi.CoDi,mami.codi.m.1.t.1.h.3.l.0.r.850,periodicity,#664433,stretched
13.70870870870871,95.67242770828393,MaMi.CoDi,mami.codi.m.1.t.1.h.3.l.0.r.850,periodicity,#664433,stretched
13.723723723723724,95.67443192150031,MaMi.CoDi,mami.codi.m.1.t.1.h.3.l.0.r.850,periodicity,#664433,stretched
13.73873873873874,95.66754773803898,MaMi.CoDi,mami.codi.m.1.t.1.h.3.l.0.r.850,periodicity,#664433,stretched
13.753753753753754,95.6515546252329,MaMi.CoDi,mami.codi.m.1.t.1.h.3.l.0.r.850,periodicity,#664433,stretched
13.76876876876877,95.62628952926589,MaMi.CoDi,mami.codi.m.1.t.1.h.3.l.0.r.850,periodicity,#664433,stretched
13.783783783783784,95.59165058195993,MaMi.CoDi,mami.codi.m.1.t.1.h.3.l.0.r.850,periodicity,#664433,stretched
13.7987987987988,95.54760028764228,MaMi.CoDi,mami.codi.m.1.t.1.h.3.l.0.r.850,periodicity,#664433,stretched
13.813813813813814,95.49416823239723,MaMi.CoDi,mami.codi.m.1.t.1.h.3.l.0.r.850,periodicity,#664433,stretched
13.82882882882883,95.43145336195816,MaMi.CoDi,mami.codi.m.1.t.1.h.3.l.0.r.850,periodicity,#664433,stretched
13.843843843843844,95.35962586754594,MaMi.CoDi,mami.codi.m.1.t.1.h.3.l.0.r.850,periodicity,#664433,stretched
13.85885885885886,95.2789287021597,MaMi.CoDi,mami.codi.m.1.t.1.h.3.l.0.r.850,periodicity,#664433,stretched
13.873873873873874,95.18967872505301,MaMi.CoDi,mami.codi.m.1.t.1.h.3.l.0.r.850,periodicity,#664433,stretched
13.88888888888889,95.0922674419676,MaMi.CoDi,mami.codi.m.1.t.1.h.3.l.0.r.850,periodicity,#664433,stretched
13.903903903903904,94.98716127621665,MaMi.CoDi,mami.codi.m.1.t.1.h.3.l.0.r.850,periodicity,#664433,stretched
13.91891891891892,94.87490127420392,MaMi.CoDi,mami.codi.m.1.t.1.h.3.l.0.r.850,periodicity,#664433,stretched
13.933933933933934,94.75610212172927,MaMi.CoDi,mami.codi.m.1.t.1.h.3.l.0.r.850,periodicity,#664433,stretched
13.94894894894895,94.63145032746036,MaMi.CoDi,mami.codi.m.1.t.1.h.3.l.0.r.850,periodicity,#664433,stretched
13.963963963963964,94.5017014197714,MaMi.CoDi,mami.codi.m.1.t.1.h.3.l.0.r.850,periodicity,#664433,stretched
13.97897897897898,94.3676760045713,MaMi.CoDi,mami.codi.m.1.t.1.h.3.l.0.r.850,periodicity,#664433,stretched
13.993993993993994,94.23025454579789,MaMi.CoDi,mami.codi.m.1.t.1.h.3.l.0.r.850,periodicity,#664433,stretched
14.00900900900901,94.09037075705507,MaMi.CoDi,mami.codi.m.1.t.1.h.3.l.0.r.850,periodicity,#664433,stretched
14.024024024024024,93.94900353168306,MaMi.CoDi,mami.codi.m.1.t.1.h.3.l.0.r.850,periodicity,#664433,stretched
14.03903903903904,93.80716738779142,MaMi.CoDi,mami.codi.m.1.t.1.h.3.l.0.r.850,periodicity,#664433,stretched
14.054054054054054,93.66590146216807,MaMi.CoDi,mami.codi.m.1.t.1.h.3.l.0.r.850,periodicity,#664433,stretched
14.06906906906907,93.5262571496661,MaMi.CoDi,mami.codi.m.1.t.1.h.3.l.0.r.850,periodicity,#664433,stretched
14.084084084084084,93.38928454944391,MaMi.CoDi,mami.codi.m.1.t.1.h.3.l.0.r.850,periodicity,#664433,stretched
14.0990990990991,93.25601794291126,MaMi.CoDi,mami.codi.m.1.t.1.h.3.l.0.r.850,periodicity,#664433,stretched
14.114114114114114,93.1274605870517,MaMi.CoDi,mami.codi.m.1.t.1.h.3.l.0.r.850,periodicity,#664433,stretched
14.12912912912913,93.00456915780288,MaMi.CoDi,mami.codi.m.1.t.1.h.3.l.0.r.850,periodicity,#664433,stretched
14.144144144144144,92.88823821860365,MaMi.CoDi,mami.codi.m.1.t.1.h.3.l.0.r.850,periodicity,#664433,stretched
14.15915915915916,92.77928511679437,MaMi.CoDi,mami.codi.m.1.t.1.h.3.l.0.r.850,periodicity,#664433,stretched
14.174174174174174,92.67843572361816,MaMi.CoDi,mami.codi.m.1.t.1.h.3.l.0.r.850,periodicity,#664433,stretched
14.18918918918919,92.58631143111096,MaMi.CoDi,mami.codi.m.1.t.1.h.3.l.0.r.850,periodicity,#664433,stretched
14.204204204204204,92.50341780086673,MaMi.CoDi,mami.codi.m.1.t.1.h.3.l.0.r.850,periodicity,#664433,stretched
14.21921921921922,92.43013522588986,MaMi.CoDi,mami.codi.m.1.t.1.h.3.l.0.r.850,periodicity,#664433,stretched
14.234234234234235,92.36671191849598,MaMi.CoDi,mami.codi.m.1.t.1.h.3.l.0.r.850,periodicity,#664433,stretched
14.24924924924925,92.31325947609481,MaMi.CoDi,mami.codi.m.1.t.1.h.3.l.0.r.850,periodicity,#664433,stretched
14.264264264264265,92.26975120478431,MaMi.CoDi,mami.codi.m.1.t.1.h.3.l.0.r.850,periodicity,#664433,stretched
14.27927927927928,92.2360233005401,MaMi.CoDi,mami.codi.m.1.t.1.h.3.l.0.r.850,periodicity,#664433,stretched
14.294294294294295,92.21177890225638,MaMi.CoDi,mami.codi.m.1.t.1.h.3.l.0.r.850,periodicity,#664433,stretched
14.30930930930931,92.19659494307862,MaMi.CoDi,mami.codi.m.1.t.1.h.3.l.0.r.850,periodicity,#664433,stretched
14.324324324324325,92.18993163957887,MaMi.CoDi,mami.codi.m.1.t.1.h.3.l.0.r.850,periodicity,#664433,stretched
14.33933933933934,92.19114437559699,MaMi.CoDi,mami.codi.m.1.t.1.h.3.l.0.r.850,periodicity,#664433,stretched
14.354354354354355,92.19949766214526,MaMi.CoDi,mami.codi.m.1.t.1.h.3.l.0.r.850,periodicity,#664433,stretched
14.36936936936937,92.21418078958939,MaMi.CoDi,mami.codi.m.1.t.1.h.3.l.0.r.850,periodicity,#664433,stretched
14.384384384384385,92.23432473600826,MaMi.CoDi,mami.codi.m.1.t.1.h.3.l.0.r.850,periodicity,#664433,stretched
14.3993993993994,92.25901985839948,MaMi.CoDi,mami.codi.m.1.t.1.h.3.l.0.r.850,periodicity,#664433,stretched
14.414414414414415,92.28733387293693,MaMi.CoDi,mami.codi.m.1.t.1.h.3.l.0.r.850,periodicity,#664433,stretched
14.42942942942943,92.3183296278602,MaMi.CoDi,mami.codi.m.1.t.1.h.3.l.0.r.850,periodicity,#664433,stretched
14.444444444444445,92.35108218816686,MaMi.CoDi,mami.codi.m.1.t.1.h.3.l.0.r.850,periodicity,#664433,stretched
14.45945945945946,92.38469478469194,MaMi.CoDi,mami.codi.m.1.t.1.h.3.l.0.r.850,periodicity,#664433,stretched
14.474474474474475,92.4183132302105,MaMi.CoDi,mami.codi.m.1.t.1.h.3.l.0.r.850,periodicity,#664433,stretched
14.48948948948949,92.45113846990364,MaMi.CoDi,mami.codi.m.1.t.1.h.3.l.0.r.850,periodicity,#664433,stretched
14.504504504504505,92.48243701013634,MaMi.CoDi,mami.codi.m.1.t.1.h.3.l.0.r.850,periodicity,#664433,stretched
14.51951951951952,92.51154905459407,MaMi.CoDi,mami.codi.m.1.t.1.h.3.l.0.r.850,periodicity,#664433,stretched
14.534534534534535,92.53789426646976,MaMi.CoDi,mami.codi.m.1.t.1.h.3.l.0.r.850,periodicity,#664433,stretched
14.54954954954955,92.56097516530623,MaMi.CoDi,mami.codi.m.1.t.1.h.3.l.0.r.850,periodicity,#664433,stretched
14.564564564564565,92.5803782529214,MaMi.CoDi,mami.codi.m.1.t.1.h.3.l.0.r.850,periodicity,#664433,stretched
14.57957957957958,92.59577304037934,MaMi.CoDi,mami.codi.m.1.t.1.h.3.l.0.r.850,periodicity,#664433,stretched
14.594594594594595,92.60690921351956,MaMi.CoDi,mami.codi.m.1.t.1.h.3.l.0.r.850,periodicity,#664433,stretched
14.60960960960961,92.61361222512083,MaMi.CoDi,mami.codi.m.1.t.1.h.3.l.0.r.850,periodicity,#664433,stretched
14.624624624624625,92.6157776353597,MaMi.CoDi,mami.codi.m.1.t.1.h.3.l.0.r.850,periodicity,#664433,stretched
14.63963963963964,92.61336453791566,MaMi.CoDi,mami.codi.m.1.t.1.h.3.l.0.r.850,periodicity,#664433,stretched
14.654654654654655,92.60638840718046,MaMi.CoDi,mami.codi.m.1.t.1.h.3.l.0.r.850,periodicity,#664433,stretched
14.66966966966967,92.59491368396641,MaMi.CoDi,mami.codi.m.1.t.1.h.3.l.0.r.850,periodicity,#664433,stretched
14.684684684684685,92.5790463853169,MaMi.CoDi,mami.codi.m.1.t.1.h.3.l.0.r.850,periodicity,#664433,stretched
14.6996996996997,92.55892698168013,MaMi.CoDi,mami.codi.m.1.t.1.h.3.l.0.r.850,periodicity,#664433,stretched
14.714714714714715,92.53472373547052,MaMi.CoDi,mami.codi.m.1.t.1.h.3.l.0.r.850,periodicity,#664433,stretched
14.72972972972973,92.50662664268015,MaMi.CoDi,mami.codi.m.1.t.1.h.3.l.0.r.850,periodicity,#664433,stretched
14.744744744744745,92.47484206731679,MaMi.CoDi,mami.codi.m.1.t.1.h.3.l.0.r.850,periodicity,#664433,stretched
14.75975975975976,92.43958811015204,MaMi.CoDi,mami.codi.m.1.t.1.h.3.l.0.r.850,periodicity,#664433,stretched
14.774774774774775,92.40109071102381,MaMi.CoDi,mami.codi.m.1.t.1.h.3.l.0.r.850,periodicity,#664433,stretched
14.78978978978979,92.35958044942603,MaMi.CoDi,mami.codi.m.1.t.1.h.3.l.0.r.850,periodicity,#664433,stretched
14.804804804804805,92.31528998218394,MaMi.CoDi,mami.codi.m.1.t.1.h.3.l.0.r.850,periodicity,#664433,stretched
14.81981981981982,92.2684520397595,MaMi.CoDi,mami.codi.m.1.t.1.h.3.l.0.r.850,periodicity,#664433,stretched
14.834834834834835,92.21929789360746,MaMi.CoDi,mami.codi.m.1.t.1.h.3.l.0.r.850,periodicity,#664433,stretched
14.84984984984985,92.16805620497858,MaMi.CoDi,mami.codi.m.1.t.1.h.3.l.0.r.850,periodicity,#664433,stretched
14.864864864864865,92.11495216930169,MaMi.CoDi,mami.codi.m.1.t.1.h.3.l.0.r.850,periodicity,#664433,stretched
14.87987987987988,92.06020687828979,MaMi.CoDi,mami.codi.m.1.t.1.h.3.l.0.r.850,periodicity,#664433,stretched
14.894894894894895,92.00403683273373,MaMi.CoDi,mami.codi.m.1.t.1.h.3.l.0.r.850,periodicity,#664433,stretched
14.90990990990991,91.94665355122292,MaMi.CoDi,mami.codi.m.1.t.1.h.3.l.0.r.850,periodicity,#664433,stretched
14.924924924924925,91.88826323262053,MaMi.CoDi,mami.codi.m.1.t.1.h.3.l.0.r.850,periodicity,#664433,stretched
14.93993993993994,91.82906644212079,MaMi.CoDi,mami.codi.m.1.t.1.h.3.l.0.r.850,periodicity,#664433,stretched
14.954954954954955,91.76925780148437,MaMi.CoDi,mami.codi.m.1.t.1.h.3.l.0.r.850,periodicity,#664433,stretched
14.96996996996997,91.709025673189,MaMi.CoDi,mami.codi.m.1.t.1.h.3.l.0.r.850,periodicity,#664433,stretched
14.984984984984985,91.64855183555,MaMi.CoDi,mami.codi.m.1.t.1.h.3.l.0.r.850,periodicity,#664433,stretched
15,91.58801115135392,MaMi.CoDi,mami.codi.m.1.t.1.h.3.l.0.r.850,periodicity,#664433,stretched
