interval,output,model_id,model_label,model_theory,model_colour,timbre_label
0,102.4255796997257,MaMi.CoDi,mami.codi.m.1.t.3.h.3.l.-2.r.950,periodicity,#664433,stretched
0.015015015015015015,102.34469637321406,MaMi.CoDi,mami.codi.m.1.t.3.h.3.l.-2.r.950,periodicity,#664433,stretched
0.03003003003003003,102.26573625169628,MaMi.CoDi,mami.codi.m.1.t.3.h.3.l.-2.r.950,periodicity,#664433,stretched
0.04504504504504504,102.1889518928611,MaMi.CoDi,mami.codi.m.1.t.3.h.3.l.-2.r.950,periodicity,#664433,stretched
0.06006006006006006,102.11461444876204,MaMi.CoDi,mami.codi.m.1.t.3.h.3.l.-2.r.950,periodicity,#664433,stretched
0.07507507507507508,102.04301343140645,MaMi.CoDi,mami.codi.m.1.t.3.h.3.l.-2.r.950,periodicity,#664433,stretched
0.09009009009009009,101.97445607000142,MaMi.CoDi,mami.codi.m.1.t.3.h.3.l.-2.r.950,periodicity,#664433,stretched
0.10510510510510511,101.90926618909519,MaMi.CoDi,mami.codi.m.1.t.3.h.3.l.-2.r.950,periodicity,#664433,stretched
0.12012012012012012,101.84778253787835,MaMi.CoDi,mami.codi.m.1.t.3.h.3.l.-2.r.950,periodicity,#664433,stretched
0.13513513513513514,101.79035650553058,MaMi.CoDi,mami.codi.m.1.t.3.h.3.l.-2.r.950,periodicity,#664433,stretched
0.15015015015015015,101.7373491664574,MaMi.CoDi,mami.codi.m.1.t.3.h.3.l.-2.r.950,periodicity,#664433,stretched
0.16516516516516516,101.6891276131808,MaMi.CoDi,mami.codi.m.1.t.3.h.3.l.-2.r.950,periodicity,#664433,stretched
0.18018018018018017,101.64606055395693,MaMi.CoDi,mami.codi.m.1.t.3.h.3.l.-2.r.950,periodicity,#664433,stretched
0.19519519519519518,101.6085131770692,MaMi.CoDi,mami.codi.m.1.t.3.h.3.l.-2.r.950,periodicity,#664433,stretched
0.21021021021021022,101.57684131392618,MaMi.CoDi,mami.codi.m.1.t.3.h.3.l.-2.r.950,periodicity,#664433,stretched
0.22522522522522523,101.55138496789918,MaMi.CoDi,mami.codi.m.1.t.3.h.3.l.-2.r.950,periodicity,#664433,stretched
0.24024024024024024,101.53246131400968,MaMi.CoDi,mami.codi.m.1.t.3.h.3.l.-2.r.950,periodicity,#664433,stretched
0.2552552552552553,101.52035731432215,MaMi.CoDi,mami.codi.m.1.t.3.h.3.l.-2.r.950,periodicity,#664433,stretched
0.2702702702702703,101.51532213286389,MaMi.CoDi,mami.codi.m.1.t.3.h.3.l.-2.r.950,periodicity,#664433,stretched
0.2852852852852853,101.51755956933681,MaMi.CoDi,mami.codi.m.1.t.3.h.3.l.-2.r.950,periodicity,#664433,stretched
0.3003003003003003,101.52722075972987,MaMi.CoDi,mami.codi.m.1.t.3.h.3.l.-2.r.950,periodicity,#664433,stretched
0.3153153153153153,101.54439741115381,MaMi.CoDi,mami.codi.m.1.t.3.h.3.l.-2.r.950,periodicity,#664433,stretched
0.3303303303303303,101.56911584496163,MaMi.CoDi,mami.codi.m.1.t.3.h.3.l.-2.r.950,periodicity,#664433,stretched
0.34534534534534533,101.60133211425607,MaMi.CoDi,mami.codi.m.1.t.3.h.3.l.-2.r.950,periodicity,#664433,stretched
0.36036036036036034,101.64092843784556,MaMi.CoDi,mami.codi.m.1.t.3.h.3.l.-2.r.950,periodicity,#664433,stretched
0.37537537537537535,101.68771115234229,MaMi.CoDi,mami.codi.m.1.t.3.h.3.l.-2.r.950,periodicity,#664433,stretched
0.39039039039039036,101.7414103284593,MaMi.CoDi,mami.codi.m.1.t.3.h.3.l.-2.r.950,periodicity,#664433,stretched
0.40540540540540543,101.80168112906041,MaMi.CoDi,mami.codi.m.1.t.3.h.3.l.-2.r.950,periodicity,#664433,stretched
0.42042042042042044,101.86810690878839,MaMi.CoDi,mami.codi.m.1.t.3.h.3.l.-2.r.950,periodicity,#664433,stretched
0.43543543543543545,101.94020397287706,MaMi.CoDi,mami.codi.m.1.t.3.h.3.l.-2.r.950,periodicity,#664433,stretched
0.45045045045045046,102.01742783137776,MaMi.CoDi,mami.codi.m.1.t.3.h.3.l.-2.r.950,periodicity,#664433,stretched
0.46546546546546547,102.09918071018862,MaMi.CoDi,mami.codi.m.1.t.3.h.3.l.-2.r.950,periodicity,#664433,stretched
0.4804804804804805,102.18482001735504,MaMi.CoDi,mami.codi.m.1.t.3.h.3.l.-2.r.950,periodicity,#664433,stretched
0.4954954954954955,102.27366741688256,MaMi.CoDi,mami.codi.m.1.t.3.h.3.l.-2.r.950,periodicity,#664433,stretched
0.5105105105105106,102.36501813640135,MaMi.CoDi,mami.codi.m.1.t.3.h.3.l.-2.r.950,periodicity,#664433,stretched
0.5255255255255256,102.45815013173532,MaMi.CoDi,mami.codi.m.1.t.3.h.3.l.-2.r.950,periodicity,#664433,stretched
0.5405405405405406,102.55233275141667,MaMi.CoDi,mami.codi.m.1.t.3.h.3.l.-2.r.950,periodicity,#664433,stretched
0.5555555555555556,102.6468345865235,MaMi.CoDi,mami.codi.m.1.t.3.h.3.l.-2.r.950,periodicity,#664433,stretched
0.5705705705705706,102.74093025339137,MaMi.CoDi,mami.codi.m.1.t.3.h.3.l.-2.r.950,periodicity,#664433,stretched
0.5855855855855856,102.83390593490408,MaMi.CoDi,mami.codi.m.1.t.3.h.3.l.-2.r.950,periodicity,#664433,stretched
0.6006006006006006,102.92506359525541,MaMi.CoDi,mami.codi.m.1.t.3.h.3.l.-2.r.950,periodicity,#664433,stretched
0.6156156156156156,103.01372387761387,MaMi.CoDi,mami.codi.m.1.t.3.h.3.l.-2.r.950,periodicity,#664433,stretched
0.6306306306306306,103.09922778794811,MaMi.CoDi,mami.codi.m.1.t.3.h.3.l.-2.r.950,periodicity,#664433,stretched
0.6456456456456456,103.18093735537113,MaMi.CoDi,mami.codi.m.1.t.3.h.3.l.-2.r.950,periodicity,#664433,stretched
0.6606606606606606,103.25823553407147,MaMi.CoDi,mami.codi.m.1.t.3.h.3.l.-2.r.950,periodicity,#664433,stretched
0.6756756756756757,103.33052566932477,MaMi.CoDi,mami.codi.m.1.t.3.h.3.l.-2.r.950,periodicity,#664433,stretched
0.6906906906906907,103.39723088632266,MaMi.CoDi,mami.codi.m.1.t.3.h.3.l.-2.r.950,periodicity,#664433,stretched
0.7057057057057057,103.45779377298891,MaMi.CoDi,mami.codi.m.1.t.3.h.3.l.-2.r.950,periodicity,#664433,stretched
0.7207207207207207,103.51167671536875,MaMi.CoDi,mami.codi.m.1.t.3.h.3.l.-2.r.950,periodicity,#664433,stretched
0.7357357357357357,103.55836320684148,MaMi.CoDi,mami.codi.m.1.t.3.h.3.l.-2.r.950,periodicity,#664433,stretched
0.7507507507507507,103.59736039213661,MaMi.CoDi,mami.codi.m.1.t.3.h.3.l.-2.r.950,periodicity,#664433,stretched
0.7657657657657657,103.62820302708131,MaMi.CoDi,mami.codi.m.1.t.3.h.3.l.-2.r.950,periodicity,#664433,stretched
0.7807807807807807,103.65045893963797,MaMi.CoDi,mami.codi.m.1.t.3.h.3.l.-2.r.950,periodicity,#664433,stretched
0.7957957957957957,103.66373597249662,MaMi.CoDi,mami.codi.m.1.t.3.h.3.l.-2.r.950,periodicity,#664433,stretched
0.8108108108108109,103.667690278391,MaMi.CoDi,mami.codi.m.1.t.3.h.3.l.-2.r.950,periodicity,#664433,stretched
0.8258258258258259,103.66203573281936,MaMi.CoDi,mami.codi.m.1.t.3.h.3.l.-2.r.950,periodicity,#664433,stretched
0.8408408408408409,103.64655413137193,MaMi.CoDi,mami.codi.m.1.t.3.h.3.l.-2.r.950,periodicity,#664433,stretched
0.8558558558558559,103.6211057563329,MaMi.CoDi,mami.codi.m.1.t.3.h.3.l.-2.r.950,periodicity,#664433,stretched
0.8708708708708709,103.58563983481851,MaMi.CoDi,mami.codi.m.1.t.3.h.3.l.-2.r.950,periodicity,#664433,stretched
0.8858858858858859,103.54020437251555,MaMi.CoDi,mami.codi.m.1.t.3.h.3.l.-2.r.950,periodicity,#664433,stretched
0.9009009009009009,103.4849548358269,MaMi.CoDi,mami.codi.m.1.t.3.h.3.l.-2.r.950,periodicity,#664433,stretched
0.9159159159159159,103.42016117217207,MaMi.CoDi,mami.codi.m.1.t.3.h.3.l.-2.r.950,periodicity,#664433,stretched
0.9309309309309309,103.34621270296968,MaMi.CoDi,mami.codi.m.1.t.3.h.3.l.-2.r.950,periodicity,#664433,stretched
0.9459459459459459,103.2636204945514,MaMi.CoDi,mami.codi.m.1.t.3.h.3.l.-2.r.950,periodicity,#664433,stretched
0.960960960960961,103.17301690555328,MaMi.CoDi,mami.codi.m.1.t.3.h.3.l.-2.r.950,periodicity,#664433,stretched
0.975975975975976,103.07515212054568,MaMi.CoDi,mami.codi.m.1.t.3.h.3.l.-2.r.950,periodicity,#664433,stretched
0.990990990990991,102.9708876031862,MaMi.CoDi,mami.codi.m.1.t.3.h.3.l.-2.r.950,periodicity,#664433,stretched
1.006006006006006,102.86118653160224,MaMi.CoDi,mami.codi.m.1.t.3.h.3.l.-2.r.950,periodicity,#664433,stretched
1.021021021021021,102.74710140741237,MaMi.CoDi,mami.codi.m.1.t.3.h.3.l.-2.r.950,periodicity,#664433,stretched
1.0360360360360361,102.6297591510543,MaMi.CoDi,mami.codi.m.1.t.3.h.3.l.-2.r.950,periodicity,#664433,stretched
1.0510510510510511,102.51034410365519,MaMi.CoDi,mami.codi.m.1.t.3.h.3.l.-2.r.950,periodicity,#664433,stretched
1.0660660660660661,102.39007944401806,MaMi.CoDi,mami.codi.m.1.t.3.h.3.l.-2.r.950,periodicity,#664433,stretched
1.0810810810810811,102.27020759387526,MaMi.CoDi,mami.codi.m.1.t.3.h.3.l.-2.r.950,periodicity,#664433,stretched
1.0960960960960962,102.15197022216985,MaMi.CoDi,mami.codi.m.1.t.3.h.3.l.-2.r.950,periodicity,#664433,stretched
1.1111111111111112,102.03658846798135,MaMi.CoDi,mami.codi.m.1.t.3.h.3.l.-2.r.950,periodicity,#664433,stretched
1.1261261261261262,101.92524398157505,MaMi.CoDi,mami.codi.m.1.t.3.h.3.l.-2.r.950,periodicity,#664433,stretched
1.1411411411411412,101.81906133528997,MaMi.CoDi,mami.codi.m.1.t.3.h.3.l.-2.r.950,periodicity,#664433,stretched
1.1561561561561562,101.71909228337373,MaMi.CoDi,mami.codi.m.1.t.3.h.3.l.-2.r.950,periodicity,#664433,stretched
1.1711711711711712,101.62630225661327,MaMi.CoDi,mami.codi.m.1.t.3.h.3.l.-2.r.950,periodicity,#664433,stretched
1.1861861861861862,101.54155936893918,MaMi.CoDi,mami.codi.m.1.t.3.h.3.l.-2.r.950,periodicity,#664433,stretched
1.2012012012012012,101.46562609516602,MaMi.CoDi,mami.codi.m.1.t.3.h.3.l.-2.r.950,periodicity,#664433,stretched
1.2162162162162162,101.39915365821814,MaMi.CoDi,mami.codi.m.1.t.3.h.3.l.-2.r.950,periodicity,#664433,stretched
1.2312312312312312,101.34267904718114,MaMi.CoDi,mami.codi.m.1.t.3.h.3.l.-2.r.950,periodicity,#664433,stretched
1.2462462462462462,101.29662448066942,MaMi.CoDi,mami.codi.m.1.t.3.h.3.l.-2.r.950,periodicity,#664433,stretched
1.2612612612612613,101.2612990389594,MaMi.CoDi,mami.codi.m.1.t.3.h.3.l.-2.r.950,periodicity,#664433,stretched
1.2762762762762763,101.23690211779446,MaMi.CoDi,mami.codi.m.1.t.3.h.3.l.-2.r.950,periodicity,#664433,stretched
1.2912912912912913,101.22352831009756,MaMi.CoDi,mami.codi.m.1.t.3.h.3.l.-2.r.950,periodicity,#664433,stretched
1.3063063063063063,101.22117330094831,MaMi.CoDi,mami.codi.m.1.t.3.h.3.l.-2.r.950,periodicity,#664433,stretched
1.3213213213213213,101.22974036639305,MaMi.CoDi,mami.codi.m.1.t.3.h.3.l.-2.r.950,periodicity,#664433,stretched
1.3363363363363363,101.24904709662604,MaMi.CoDi,mami.codi.m.1.t.3.h.3.l.-2.r.950,periodicity,#664433,stretched
1.3513513513513513,101.27883201596782,MaMi.CoDi,mami.codi.m.1.t.3.h.3.l.-2.r.950,periodicity,#664433,stretched
1.3663663663663663,101.31876084163349,MaMi.CoDi,mami.codi.m.1.t.3.h.3.l.-2.r.950,periodicity,#664433,stretched
1.3813813813813813,101.36843220524409,MaMi.CoDi,mami.codi.m.1.t.3.h.3.l.-2.r.950,periodicity,#664433,stretched
1.3963963963963963,101.4273827493354,MaMi.CoDi,mami.codi.m.1.t.3.h.3.l.-2.r.950,periodicity,#664433,stretched
1.4114114114114114,101.49509159938935,MaMi.CoDi,mami.codi.m.1.t.3.h.3.l.-2.r.950,periodicity,#664433,stretched
1.4264264264264264,101.57098429385336,MaMi.CoDi,mami.codi.m.1.t.3.h.3.l.-2.r.950,periodicity,#664433,stretched
1.4414414414414414,101.65443632444496,MaMi.CoDi,mami.codi.m.1.t.3.h.3.l.-2.r.950,periodicity,#664433,stretched
1.4564564564564564,101.744776491887,MaMi.CoDi,mami.codi.m.1.t.3.h.3.l.-2.r.950,periodicity,#664433,stretched
1.4714714714714714,101.84129031442507,MaMi.CoDi,mami.codi.m.1.t.3.h.3.l.-2.r.950,periodicity,#664433,stretched
1.4864864864864864,101.94322373592362,MaMi.CoDi,mami.codi.m.1.t.3.h.3.l.-2.r.950,periodicity,#664433,stretched
1.5015015015015014,102.04978736648803,MaMi.CoDi,mami.codi.m.1.t.3.h.3.l.-2.r.950,periodicity,#664433,stretched
1.5165165165165164,102.16016145260988,MaMi.CoDi,mami.codi.m.1.t.3.h.3.l.-2.r.950,periodicity,#664433,stretched
1.5315315315315314,102.27350171855994,MaMi.CoDi,mami.codi.m.1.t.3.h.3.l.-2.r.950,periodicity,#664433,stretched
1.5465465465465464,102.38894615033843,MaMi.CoDi,mami.codi.m.1.t.3.h.3.l.-2.r.950,periodicity,#664433,stretched
1.5615615615615615,102.50562271327128,MaMi.CoDi,mami.codi.m.1.t.3.h.3.l.-2.r.950,periodicity,#664433,stretched
1.5765765765765765,102.62265791034812,MaMi.CoDi,mami.codi.m.1.t.3.h.3.l.-2.r.950,periodicity,#664433,stretched
1.5915915915915915,102.73918600704128,MaMi.CoDi,mami.codi.m.1.t.3.h.3.l.-2.r.950,periodicity,#664433,stretched
1.6066066066066067,102.85435867586229,MaMi.CoDi,mami.codi.m.1.t.3.h.3.l.-2.r.950,periodicity,#664433,stretched
1.6216216216216217,102.96735475599095,MaMi.CoDi,mami.codi.m.1.t.3.h.3.l.-2.r.950,periodicity,#664433,stretched
1.6366366366366367,103.07738978464852,MaMi.CoDi,mami.codi.m.1.t.3.h.3.l.-2.r.950,periodicity,#664433,stretched
1.6516516516516517,103.18372494084853,MaMi.CoDi,mami.codi.m.1.t.3.h.3.l.-2.r.950,periodicity,#664433,stretched
1.6666666666666667,103.28567505057028,MaMi.CoDi,mami.codi.m.1.t.3.h.3.l.-2.r.950,periodicity,#664433,stretched
1.6816816816816818,103.3826153353288,MaMi.CoDi,mami.codi.m.1.t.3.h.3.l.-2.r.950,periodicity,#664433,stretched
1.6966966966966968,103.4739866419453,MaMi.CoDi,mami.codi.m.1.t.3.h.3.l.-2.r.950,periodicity,#664433,stretched
1.7117117117117118,103.5592989667605,MaMi.CoDi,mami.codi.m.1.t.3.h.3.l.-2.r.950,periodicity,#664433,stretched
1.7267267267267268,103.6381331778769,MaMi.CoDi,mami.codi.m.1.t.3.h.3.l.-2.r.950,periodicity,#664433,stretched
1.7417417417417418,103.71014093845106,MaMi.CoDi,mami.codi.m.1.t.3.h.3.l.-2.r.950,periodicity,#664433,stretched
1.7567567567567568,103.77504293600532,MaMi.CoDi,mami.codi.m.1.t.3.h.3.l.-2.r.950,periodicity,#664433,stretched
1.7717717717717718,103.83262562036002,MaMi.CoDi,mami.codi.m.1.t.3.h.3.l.-2.r.950,periodicity,#664433,stretched
1.7867867867867868,103.88273673937844,MaMi.CoDi,mami.codi.m.1.t.3.h.3.l.-2.r.950,periodicity,#664433,stretched
1.8018018018018018,103.9252800312164,MaMi.CoDi,mami.codi.m.1.t.3.h.3.l.-2.r.950,periodicity,#664433,stretched
1.8168168168168168,103.96020947908377,MaMi.CoDi,mami.codi.m.1.t.3.h.3.l.-2.r.950,periodicity,#664433,stretched
1.8318318318318318,103.98752355598754,MaMi.CoDi,mami.codi.m.1.t.3.h.3.l.-2.r.950,periodicity,#664433,stretched
1.8468468468468469,104.00725988045892,MaMi.CoDi,mami.codi.m.1.t.3.h.3.l.-2.r.950,periodicity,#664433,stretched
1.8618618618618619,104.01949066959327,MaMi.CoDi,mami.codi.m.1.t.3.h.3.l.-2.r.950,periodicity,#664433,stretched
1.8768768768768769,104.02431931440302,MaMi.CoDi,mami.codi.m.1.t.3.h.3.l.-2.r.950,periodicity,#664433,stretched
1.8918918918918919,104.02187831780148,MaMi.CoDi,mami.codi.m.1.t.3.h.3.l.-2.r.950,periodicity,#664433,stretched
1.906906906906907,104.01232873237467,MaMi.CoDi,mami.codi.m.1.t.3.h.3.l.-2.r.950,periodicity,#664433,stretched
1.921921921921922,103.99586111962965,MaMi.CoDi,mami.codi.m.1.t.3.h.3.l.-2.r.950,periodicity,#664433,stretched
1.936936936936937,103.97269793171263,MaMi.CoDi,mami.codi.m.1.t.3.h.3.l.-2.r.950,periodicity,#664433,stretched
1.951951951951952,103.94309709826577,MaMi.CoDi,mami.codi.m.1.t.3.h.3.l.-2.r.950,periodicity,#664433,stretched
1.966966966966967,103.90735649275014,MaMi.CoDi,mami.codi.m.1.t.3.h.3.l.-2.r.950,periodicity,#664433,stretched
1.981981981981982,103.86581886141465,MaMi.CoDi,mami.codi.m.1.t.3.h.3.l.-2.r.950,periodicity,#664433,stretched
1.996996996996997,103.81887673042917,MaMi.CoDi,mami.codi.m.1.t.3.h.3.l.-2.r.950,periodicity,#664433,stretched
2.012012012012012,103.7669767675858,MaMi.CoDi,mami.codi.m.1.t.3.h.3.l.-2.r.950,periodicity,#664433,stretched
2.027027027027027,103.71062306779503,MaMi.CoDi,mami.codi.m.1.t.3.h.3.l.-2.r.950,periodicity,#664433,stretched
2.042042042042042,103.65037885796805,MaMi.CoDi,mami.codi.m.1.t.3.h.3.l.-2.r.950,periodicity,#664433,stretched
2.057057057057057,103.58686617633492,MaMi.CoDi,mami.codi.m.1.t.3.h.3.l.-2.r.950,periodicity,#664433,stretched
2.0720720720720722,103.52076317139617,MaMi.CoDi,mami.codi.m.1.t.3.h.3.l.-2.r.950,periodicity,#664433,stretched
2.0870870870870872,103.4527987822195,MaMi.CoDi,mami.codi.m.1.t.3.h.3.l.-2.r.950,periodicity,#664433,stretched
2.1021021021021022,103.3837446986291,MaMi.CoDi,mami.codi.m.1.t.3.h.3.l.-2.r.950,periodicity,#664433,stretched
2.1171171171171173,103.3144046496233,MaMi.CoDi,mami.codi.m.1.t.3.h.3.l.-2.r.950,periodicity,#664433,stretched
2.1321321321321323,103.24560122271684,MaMi.CoDi,mami.codi.m.1.t.3.h.3.l.-2.r.950,periodicity,#664433,stretched
2.1471471471471473,103.1781605669721,MaMi.CoDi,mami.codi.m.1.t.3.h.3.l.-2.r.950,periodicity,#664433,stretched
2.1621621621621623,103.11289546941896,MaMi.CoDi,mami.codi.m.1.t.3.h.3.l.-2.r.950,periodicity,#664433,stretched
2.1771771771771773,103.05058741005453,MaMi.CoDi,mami.codi.m.1.t.3.h.3.l.-2.r.950,periodicity,#664433,stretched
2.1921921921921923,102.99196828738467,MaMi.CoDi,mami.codi.m.1.t.3.h.3.l.-2.r.950,periodicity,#664433,stretched
2.2072072072072073,102.93770255875684,MaMi.CoDi,mami.codi.m.1.t.3.h.3.l.-2.r.950,periodicity,#664433,stretched
2.2222222222222223,102.88837055364095,MaMi.CoDi,mami.codi.m.1.t.3.h.3.l.-2.r.950,periodicity,#664433,stretched
2.2372372372372373,102.84445369177315,MaMi.CoDi,mami.codi.m.1.t.3.h.3.l.-2.r.950,periodicity,#664433,stretched
2.2522522522522523,102.80632227225179,MaMi.CoDi,mami.codi.m.1.t.3.h.3.l.-2.r.950,periodicity,#664433,stretched
2.2672672672672673,102.7742263971068,MaMi.CoDi,mami.codi.m.1.t.3.h.3.l.-2.r.950,periodicity,#664433,stretched
2.2822822822822824,102.74829045860294,MaMi.CoDi,mami.codi.m.1.t.3.h.3.l.-2.r.950,periodicity,#664433,stretched
2.2972972972972974,102.7285114605758,MaMi.CoDi,mami.codi.m.1.t.3.h.3.l.-2.r.950,periodicity,#664433,stretched
2.3123123123123124,102.7147612689374,MaMi.CoDi,mami.codi.m.1.t.3.h.3.l.-2.r.950,periodicity,#664433,stretched
2.3273273273273274,102.70679270474318,MaMi.CoDi,mami.codi.m.1.t.3.h.3.l.-2.r.950,periodicity,#664433,stretched
2.3423423423423424,102.7042492149518,MaMi.CoDi,mami.codi.m.1.t.3.h.3.l.-2.r.950,periodicity,#664433,stretched
2.3573573573573574,102.70667769122448,MaMi.CoDi,mami.codi.m.1.t.3.h.3.l.-2.r.950,periodicity,#664433,stretched
2.3723723723723724,102.71354386508578,MaMi.CoDi,mami.codi.m.1.t.3.h.3.l.-2.r.950,periodicity,#664433,stretched
2.3873873873873874,102.72424959647817,MaMi.CoDi,mami.codi.m.1.t.3.h.3.l.-2.r.950,periodicity,#664433,stretched
2.4024024024024024,102.73815129840432,MaMi.CoDi,mami.codi.m.1.t.3.h.3.l.-2.r.950,periodicity,#664433,stretched
2.4174174174174174,102.75457870698332,MaMi.CoDi,mami.codi.m.1.t.3.h.3.l.-2.r.950,periodicity,#664433,stretched
2.4324324324324325,102.77285321543226,MaMi.CoDi,mami.codi.m.1.t.3.h.3.l.-2.r.950,periodicity,#664433,stretched
2.4474474474474475,102.79230504125161,MaMi.CoDi,mami.codi.m.1.t.3.h.3.l.-2.r.950,periodicity,#664433,stretched
2.4624624624624625,102.81228858478401,MaMi.CoDi,mami.codi.m.1.t.3.h.3.l.-2.r.950,periodicity,#664433,stretched
2.4774774774774775,102.83219545858628,MaMi.CoDi,mami.codi.m.1.t.3.h.3.l.-2.r.950,periodicity,#664433,stretched
2.4924924924924925,102.85146481305432,MaMi.CoDi,mami.codi.m.1.t.3.h.3.l.-2.r.950,periodicity,#664433,stretched
2.5075075075075075,102.8695907454015,MaMi.CoDi,mami.codi.m.1.t.3.h.3.l.-2.r.950,periodicity,#664433,stretched
2.5225225225225225,102.8861267465115,MaMi.CoDi,mami.codi.m.1.t.3.h.3.l.-2.r.950,periodicity,#664433,stretched
2.5375375375375375,102.90068730325753,MaMi.CoDi,mami.codi.m.1.t.3.h.3.l.-2.r.950,periodicity,#664433,stretched
2.5525525525525525,102.91294692297673,MaMi.CoDi,mami.codi.m.1.t.3.h.3.l.-2.r.950,periodicity,#664433,stretched
2.5675675675675675,102.92263697331788,MaMi.CoDi,mami.codi.m.1.t.3.h.3.l.-2.r.950,periodicity,#664433,stretched
2.5825825825825826,102.9295408276889,MaMi.CoDi,mami.codi.m.1.t.3.h.3.l.-2.r.950,periodicity,#664433,stretched
2.5975975975975976,102.9334878690723,MaMi.CoDi,mami.codi.m.1.t.3.h.3.l.-2.r.950,periodicity,#664433,stretched
2.6126126126126126,102.93434693042805,MaMi.CoDi,mami.codi.m.1.t.3.h.3.l.-2.r.950,periodicity,#664433,stretched
2.6276276276276276,102.93201973805732,MaMi.CoDi,mami.codi.m.1.t.3.h.3.l.-2.r.950,periodicity,#664433,stretched
2.6426426426426426,102.92643487734807,MaMi.CoDi,mami.codi.m.1.t.3.h.3.l.-2.r.950,periodicity,#664433,stretched
2.6576576576576576,102.91754272259816,MaMi.CoDi,mami.codi.m.1.t.3.h.3.l.-2.r.950,periodicity,#664433,stretched
2.6726726726726726,102.90531167029525,MaMi.CoDi,mami.codi.m.1.t.3.h.3.l.-2.r.950,periodicity,#664433,stretched
2.6876876876876876,102.88972589582143,MaMi.CoDi,mami.codi.m.1.t.3.h.3.l.-2.r.950,periodicity,#664433,stretched
2.7027027027027026,102.87078472538549,MaMi.CoDi,mami.codi.m.1.t.3.h.3.l.-2.r.950,periodicity,#664433,stretched
2.7177177177177176,102.84850358657778,MaMi.CoDi,mami.codi.m.1.t.3.h.3.l.-2.r.950,periodicity,#664433,stretched
2.7327327327327327,102.82291638050414,MaMi.CoDi,mami.codi.m.1.t.3.h.3.l.-2.r.950,periodicity,#664433,stretched
2.7477477477477477,102.79407901327438,MaMi.CoDi,mami.codi.m.1.t.3.h.3.l.-2.r.950,periodicity,#664433,stretched
2.7627627627627627,102.7620737406846,MaMi.CoDi,mami.codi.m.1.t.3.h.3.l.-2.r.950,periodicity,#664433,stretched
2.7777777777777777,102.72701392158255,MaMi.CoDi,mami.codi.m.1.t.3.h.3.l.-2.r.950,periodicity,#664433,stretched
2.7927927927927927,102.68904874510484,MaMi.CoDi,mami.codi.m.1.t.3.h.3.l.-2.r.950,periodicity,#664433,stretched
2.8078078078078077,102.64836749533413,MaMi.CoDi,mami.codi.m.1.t.3.h.3.l.-2.r.950,periodicity,#664433,stretched
2.8228228228228227,102.60520294265592,MaMi.CoDi,mami.codi.m.1.t.3.h.3.l.-2.r.950,periodicity,#664433,stretched
2.8378378378378377,102.55983350135986,MaMi.CoDi,mami.codi.m.1.t.3.h.3.l.-2.r.950,periodicity,#664433,stretched
2.8528528528528527,102.51258386359166,MaMi.CoDi,mami.codi.m.1.t.3.h.3.l.-2.r.950,periodicity,#664433,stretched
2.8678678678678677,102.46382390546147,MaMi.CoDi,mami.codi.m.1.t.3.h.3.l.-2.r.950,periodicity,#664433,stretched
2.8828828828828827,102.41396575622994,MaMi.CoDi,mami.codi.m.1.t.3.h.3.l.-2.r.950,periodicity,#664433,stretched
2.8978978978978978,102.3634590201161,MaMi.CoDi,mami.codi.m.1.t.3.h.3.l.-2.r.950,periodicity,#664433,stretched
2.9129129129129128,102.31278423679636,MaMi.CoDi,mami.codi.m.1.t.3.h.3.l.-2.r.950,periodicity,#664433,stretched
2.9279279279279278,102.26244475595239,MaMi.CoDi,mami.codi.m.1.t.3.h.3.l.-2.r.950,periodicity,#664433,stretched
2.942942942942943,102.21295727903981,MaMi.CoDi,mami.codi.m.1.t.3.h.3.l.-2.r.950,periodicity,#664433,stretched
2.957957957957958,102.16484138448081,MaMi.CoDi,mami.codi.m.1.t.3.h.3.l.-2.r.950,periodicity,#664433,stretched
2.972972972972973,102.11860839852716,MaMi.CoDi,mami.codi.m.1.t.3.h.3.l.-2.r.950,periodicity,#664433,stretched
2.987987987987988,102.07475000195541,MaMi.CoDi,mami.codi.m.1.t.3.h.3.l.-2.r.950,periodicity,#664433,stretched
3.003003003003003,102.03372697243377,MaMi.CoDi,mami.codi.m.1.t.3.h.3.l.-2.r.950,periodicity,#664433,stretched
3.018018018018018,101.99595845458524,MaMi.CoDi,mami.codi.m.1.t.3.h.3.l.-2.r.950,periodicity,#664433,stretched
3.033033033033033,101.96181212599075,MaMi.CoDi,mami.codi.m.1.t.3.h.3.l.-2.r.950,periodicity,#664433,stretched
3.048048048048048,101.93159558966023,MaMi.CoDi,mami.codi.m.1.t.3.h.3.l.-2.r.950,periodicity,#664433,stretched
3.063063063063063,101.90554927429214,MaMi.CoDi,mami.codi.m.1.t.3.h.3.l.-2.r.950,periodicity,#664433,stretched
3.078078078078078,101.88384106558377,MaMi.CoDi,mami.codi.m.1.t.3.h.3.l.-2.r.950,periodicity,#664433,stretched
3.093093093093093,101.86656282767613,MaMi.CoDi,mami.codi.m.1.t.3.h.3.l.-2.r.950,periodicity,#664433,stretched
3.108108108108108,101.85372890618414,MaMi.CoDi,mami.codi.m.1.t.3.h.3.l.-2.r.950,periodicity,#664433,stretched
3.123123123123123,101.8452766357792,MaMi.CoDi,mami.codi.m.1.t.3.h.3.l.-2.r.950,periodicity,#664433,stretched
3.138138138138138,101.84106880833832,MaMi.CoDi,mami.codi.m.1.t.3.h.3.l.-2.r.950,periodicity,#664433,stretched
3.153153153153153,101.84089799448492,MaMi.CoDi,mami.codi.m.1.t.3.h.3.l.-2.r.950,periodicity,#664433,stretched
3.168168168168168,101.84449255389599,MaMi.CoDi,mami.codi.m.1.t.3.h.3.l.-2.r.950,periodicity,#664433,stretched
3.183183183183183,101.8515241198176,MaMi.CoDi,mami.codi.m.1.t.3.h.3.l.-2.r.950,periodicity,#664433,stretched
3.198198198198198,101.86161630230221,MaMi.CoDi,mami.codi.m.1.t.3.h.3.l.-2.r.950,periodicity,#664433,stretched
3.2132132132132134,101.87435432400189,MaMi.CoDi,mami.codi.m.1.t.3.h.3.l.-2.r.950,periodicity,#664433,stretched
3.2282282282282284,101.88929528280626,MaMi.CoDi,mami.codi.m.1.t.3.h.3.l.-2.r.950,periodicity,#664433,stretched
3.2432432432432434,101.90597872775659,MaMi.CoDi,mami.codi.m.1.t.3.h.3.l.-2.r.950,periodicity,#664433,stretched
3.2582582582582584,101.92393723862459,MaMi.CoDi,mami.codi.m.1.t.3.h.3.l.-2.r.950,periodicity,#664433,stretched
3.2732732732732734,101.94270671497047,MaMi.CoDi,mami.codi.m.1.t.3.h.3.l.-2.r.950,periodicity,#664433,stretched
3.2882882882882885,101.96183610657839,MaMi.CoDi,mami.codi.m.1.t.3.h.3.l.-2.r.950,periodicity,#664433,stretched
3.3033033033033035,101.98089635259375,MaMi.CoDi,mami.codi.m.1.t.3.h.3.l.-2.r.950,periodicity,#664433,stretched
3.3183183183183185,101.99948833962762,MaMi.CoDi,mami.codi.m.1.t.3.h.3.l.-2.r.950,periodicity,#664433,stretched
3.3333333333333335,102.01724973738176,MaMi.CoDi,mami.codi.m.1.t.3.h.3.l.-2.r.950,periodicity,#664433,stretched
3.3483483483483485,102.03386062138196,MaMi.CoDi,mami.codi.m.1.t.3.h.3.l.-2.r.950,periodicity,#664433,stretched
3.3633633633633635,102.04904784351645,MaMi.CoDi,mami.codi.m.1.t.3.h.3.l.-2.r.950,periodicity,#664433,stretched
3.3783783783783785,102.06258815943863,MaMi.CoDi,mami.codi.m.1.t.3.h.3.l.-2.r.950,periodicity,#664433,stretched
3.3933933933933935,102.07431016494316,MaMi.CoDi,mami.codi.m.1.t.3.h.3.l.-2.r.950,periodicity,#664433,stretched
3.4084084084084085,102.08409512883507,MaMi.CoDi,mami.codi.m.1.t.3.h.3.l.-2.r.950,periodicity,#664433,stretched
3.4234234234234235,102.09187683584277,MaMi.CoDi,mami.codi.m.1.t.3.h.3.l.-2.r.950,periodicity,#664433,stretched
3.4384384384384385,102.09764056862784,MaMi.CoDi,mami.codi.m.1.t.3.h.3.l.-2.r.950,periodicity,#664433,stretched
3.4534534534534536,102.10142136257676,MaMi.CoDi,mami.codi.m.1.t.3.h.3.l.-2.r.950,periodicity,#664433,stretched
3.4684684684684686,102.10330166125847,MaMi.CoDi,mami.codi.m.1.t.3.h.3.l.-2.r.950,periodicity,#664433,stretched
3.4834834834834836,102.1034084854598,MaMi.CoDi,mami.codi.m.1.t.3.h.3.l.-2.r.950,periodicity,#664433,stretched
3.4984984984984986,102.10191020653971,MaMi.CoDi,mami.codi.m.1.t.3.h.3.l.-2.r.950,periodicity,#664433,stretched
3.5135135135135136,102.09901298804662,MaMi.CoDi,mami.codi.m.1.t.3.h.3.l.-2.r.950,periodicity,#664433,stretched
3.5285285285285286,102.09495693107826,MaMi.CoDi,mami.codi.m.1.t.3.h.3.l.-2.r.950,periodicity,#664433,stretched
3.5435435435435436,102.09001193186432,MaMi.CoDi,mami.codi.m.1.t.3.h.3.l.-2.r.950,periodicity,#664433,stretched
3.5585585585585586,102.08447323755,MaMi.CoDi,mami.codi.m.1.t.3.h.3.l.-2.r.950,periodicity,#664433,stretched
3.5735735735735736,102.07865667083921,MaMi.CoDi,mami.codi.m.1.t.3.h.3.l.-2.r.950,periodicity,#664433,stretched
3.5885885885885886,102.07289348813299,MaMi.CoDi,mami.codi.m.1.t.3.h.3.l.-2.r.950,periodicity,#664433,stretched
3.6036036036036037,102.067524840371,MaMi.CoDi,mami.codi.m.1.t.3.h.3.l.-2.r.950,periodicity,#664433,stretched
3.6186186186186187,102.0628958213528,MaMi.CoDi,mami.codi.m.1.t.3.h.3.l.-2.r.950,periodicity,#664433,stretched
3.6336336336336337,102.05934911427494,MaMi.CoDi,mami.codi.m.1.t.3.h.3.l.-2.r.950,periodicity,#664433,stretched
3.6486486486486487,102.05721828197038,MaMi.CoDi,mami.codi.m.1.t.3.h.3.l.-2.r.950,periodicity,#664433,stretched
3.6636636636636637,102.05682078739059,MaMi.CoDi,mami.codi.m.1.t.3.h.3.l.-2.r.950,periodicity,#664433,stretched
3.6786786786786787,102.05845087501166,MaMi.CoDi,mami.codi.m.1.t.3.h.3.l.-2.r.950,periodicity,#664433,stretched
3.6936936936936937,102.06237248732168,MaMi.CoDi,mami.codi.m.1.t.3.h.3.l.-2.r.950,periodicity,#664433,stretched
3.7087087087087087,102.06881242943552,MaMi.CoDi,mami.codi.m.1.t.3.h.3.l.-2.r.950,periodicity,#664433,stretched
3.7237237237237237,102.07795402527469,MaMi.CoDi,mami.codi.m.1.t.3.h.3.l.-2.r.950,periodicity,#664433,stretched
3.7387387387387387,102.08993152717439,MaMi.CoDi,mami.codi.m.1.t.3.h.3.l.-2.r.950,periodicity,#664433,stretched
3.7537537537537538,102.10482554440999,MaMi.CoDi,mami.codi.m.1.t.3.h.3.l.-2.r.950,periodicity,#664433,stretched
3.7687687687687688,102.1226597430866,MaMi.CoDi,mami.codi.m.1.t.3.h.3.l.-2.r.950,periodicity,#664433,stretched
3.7837837837837838,102.14339903931617,MaMi.CoDi,mami.codi.m.1.t.3.h.3.l.-2.r.950,periodicity,#664433,stretched
3.798798798798799,102.16694946007078,MaMi.CoDi,mami.codi.m.1.t.3.h.3.l.-2.r.950,periodicity,#664433,stretched
3.813813813813814,102.19315978322228,MaMi.CoDi,mami.codi.m.1.t.3.h.3.l.-2.r.950,periodicity,#664433,stretched
3.828828828828829,102.22182499292553,MaMi.CoDi,mami.codi.m.1.t.3.h.3.l.-2.r.950,periodicity,#664433,stretched
3.843843843843844,102.2526915025824,MaMi.CoDi,mami.codi.m.1.t.3.h.3.l.-2.r.950,periodicity,#664433,stretched
3.858858858858859,102.28546400981753,MaMi.CoDi,mami.codi.m.1.t.3.h.3.l.-2.r.950,periodicity,#664433,stretched
3.873873873873874,102.31981376144222,MaMi.CoDi,mami.codi.m.1.t.3.h.3.l.-2.r.950,periodicity,#664433,stretched
3.888888888888889,102.3553879266587,MaMi.CoDi,mami.codi.m.1.t.3.h.3.l.-2.r.950,periodicity,#664433,stretched
3.903903903903904,102.39181970899828,MaMi.CoDi,mami.codi.m.1.t.3.h.3.l.-2.r.950,periodicity,#664433,stretched
3.918918918918919,102.42873877640804,MaMi.CoDi,mami.codi.m.1.t.3.h.3.l.-2.r.950,periodicity,#664433,stretched
3.933933933933934,102.46578155835053,MaMi.CoDi,mami.codi.m.1.t.3.h.3.l.-2.r.950,periodicity,#664433,stretched
3.948948948948949,102.50260095153465,MaMi.CoDi,mami.codi.m.1.t.3.h.3.l.-2.r.950,periodicity,#664433,stretched
3.963963963963964,102.53887499335592,MaMi.CoDi,mami.codi.m.1.t.3.h.3.l.-2.r.950,periodicity,#664433,stretched
3.978978978978979,102.57431410427502,MaMi.CoDi,mami.codi.m.1.t.3.h.3.l.-2.r.950,periodicity,#664433,stretched
3.993993993993994,102.60866656569632,MaMi.CoDi,mami.codi.m.1.t.3.h.3.l.-2.r.950,periodicity,#664433,stretched
4.009009009009009,102.64172198545486,MaMi.CoDi,mami.codi.m.1.t.3.h.3.l.-2.r.950,periodicity,#664433,stretched
4.024024024024024,102.67331260455835,MaMi.CoDi,mami.codi.m.1.t.3.h.3.l.-2.r.950,periodicity,#664433,stretched
4.039039039039039,102.70331241105418,MaMi.CoDi,mami.codi.m.1.t.3.h.3.l.-2.r.950,periodicity,#664433,stretched
4.054054054054054,102.73163414372382,MaMi.CoDi,mami.codi.m.1.t.3.h.3.l.-2.r.950,periodicity,#664433,stretched
4.069069069069069,102.75822438326826,MaMi.CoDi,mami.codi.m.1.t.3.h.3.l.-2.r.950,periodicity,#664433,stretched
4.084084084084084,102.78305703520309,MaMi.CoDi,mami.codi.m.1.t.3.h.3.l.-2.r.950,periodicity,#664433,stretched
4.099099099099099,102.80612560062156,MaMi.CoDi,mami.codi.m.1.t.3.h.3.l.-2.r.950,periodicity,#664433,stretched
4.114114114114114,102.8274347028422,MaMi.CoDi,mami.codi.m.1.t.3.h.3.l.-2.r.950,periodicity,#664433,stretched
4.129129129129129,102.84699138525383,MaMi.CoDi,mami.codi.m.1.t.3.h.3.l.-2.r.950,periodicity,#664433,stretched
4.1441441441441444,102.86479671530611,MaMi.CoDi,mami.codi.m.1.t.3.h.3.l.-2.r.950,periodicity,#664433,stretched
4.1591591591591595,102.88083821990163,MaMi.CoDi,mami.codi.m.1.t.3.h.3.l.-2.r.950,periodicity,#664433,stretched
4.1741741741741745,102.89508363847592,MaMi.CoDi,mami.codi.m.1.t.3.h.3.l.-2.r.950,periodicity,#664433,stretched
4.1891891891891895,102.90747641343276,MaMi.CoDi,mami.codi.m.1.t.3.h.3.l.-2.r.950,periodicity,#664433,stretched
4.2042042042042045,102.91793324658435,MaMi.CoDi,mami.codi.m.1.t.3.h.3.l.-2.r.950,periodicity,#664433,stretched
4.2192192192192195,102.92634393948411,MaMi.CoDi,mami.codi.m.1.t.3.h.3.l.-2.r.950,periodicity,#664433,stretched
4.2342342342342345,102.93257361084672,MaMi.CoDi,mami.codi.m.1.t.3.h.3.l.-2.r.950,periodicity,#664433,stretched
4.2492492492492495,102.93646725230555,MaMi.CoDi,mami.codi.m.1.t.3.h.3.l.-2.r.950,periodicity,#664433,stretched
4.2642642642642645,102.93785645170999,MaMi.CoDi,mami.codi.m.1.t.3.h.3.l.-2.r.950,periodicity,#664433,stretched
4.2792792792792795,102.93656798824631,MaMi.CoDi,mami.codi.m.1.t.3.h.3.l.-2.r.950,periodicity,#664433,stretched
4.2942942942942945,102.93243389281064,MaMi.CoDi,mami.codi.m.1.t.3.h.3.l.-2.r.950,periodicity,#664433,stretched
4.3093093093093096,102.92530247643532,MaMi.CoDi,mami.codi.m.1.t.3.h.3.l.-2.r.950,periodicity,#664433,stretched
4.324324324324325,102.91504976432506,MaMi.CoDi,mami.codi.m.1.t.3.h.3.l.-2.r.950,periodicity,#664433,stretched
4.33933933933934,102.9015907369388,MaMi.CoDi,mami.codi.m.1.t.3.h.3.l.-2.r.950,periodicity,#664433,stretched
4.354354354354355,102.88488977473514,MaMi.CoDi,mami.codi.m.1.t.3.h.3.l.-2.r.950,periodicity,#664433,stretched
4.36936936936937,102.86496973014731,MaMi.CoDi,mami.codi.m.1.t.3.h.3.l.-2.r.950,periodicity,#664433,stretched
4.384384384384385,102.84191910777028,MaMi.CoDi,mami.codi.m.1.t.3.h.3.l.-2.r.950,periodicity,#664433,stretched
4.3993993993994,102.81589691868207,MaMi.CoDi,mami.codi.m.1.t.3.h.3.l.-2.r.950,periodicity,#664433,stretched
4.414414414414415,102.78713488279993,MaMi.CoDi,mami.codi.m.1.t.3.h.3.l.-2.r.950,periodicity,#664433,stretched
4.42942942942943,102.75593677847712,MaMi.CoDi,mami.codi.m.1.t.3.h.3.l.-2.r.950,periodicity,#664433,stretched
4.444444444444445,102.72267487452105,MaMi.CoDi,mami.codi.m.1.t.3.h.3.l.-2.r.950,periodicity,#664433,stretched
4.45945945945946,102.68778351927648,MaMi.CoDi,mami.codi.m.1.t.3.h.3.l.-2.r.950,periodicity,#664433,stretched
4.474474474474475,102.6517500970271,MaMi.CoDi,mami.codi.m.1.t.3.h.3.l.-2.r.950,periodicity,#664433,stretched
4.48948948948949,102.61510368668151,MaMi.CoDi,mami.codi.m.1.t.3.h.3.l.-2.r.950,periodicity,#664433,stretched
4.504504504504505,102.57840186517264,MaMi.CoDi,mami.codi.m.1.t.3.h.3.l.-2.r.950,periodicity,#664433,stretched
4.51951951951952,102.54221618283323,MaMi.CoDi,mami.codi.m.1.t.3.h.3.l.-2.r.950,periodicity,#664433,stretched
4.534534534534535,102.50711689622675,MaMi.CoDi,mami.codi.m.1.t.3.h.3.l.-2.r.950,periodicity,#664433,stretched
4.54954954954955,102.47365757296942,MaMi.CoDi,mami.codi.m.1.t.3.h.3.l.-2.r.950,periodicity,#664433,stretched
4.564564564564565,102.44236018209367,MaMi.CoDi,mami.codi.m.1.t.3.h.3.l.-2.r.950,periodicity,#664433,stretched
4.57957957957958,102.41370125322479,MaMi.CoDi,mami.codi.m.1.t.3.h.3.l.-2.r.950,periodicity,#664433,stretched
4.594594594594595,102.38809963056096,MaMi.CoDi,mami.codi.m.1.t.3.h.3.l.-2.r.950,periodicity,#664433,stretched
4.60960960960961,102.36590626700722,MaMi.CoDi,mami.codi.m.1.t.3.h.3.l.-2.r.950,periodicity,#664433,stretched
4.624624624624625,102.34739640462651,MaMi.CoDi,mami.codi.m.1.t.3.h.3.l.-2.r.950,periodicity,#664433,stretched
4.63963963963964,102.33276437537825,MaMi.CoDi,mami.codi.m.1.t.3.h.3.l.-2.r.950,periodicity,#664433,stretched
4.654654654654655,102.3221211370032,MaMi.CoDi,mami.codi.m.1.t.3.h.3.l.-2.r.950,periodicity,#664433,stretched
4.66966966966967,102.31549453900503,MaMi.CoDi,mami.codi.m.1.t.3.h.3.l.-2.r.950,periodicity,#664433,stretched
4.684684684684685,102.312832198902,MaMi.CoDi,mami.codi.m.1.t.3.h.3.l.-2.r.950,periodicity,#664433,stretched
4.6996996996997,102.31400676461719,MaMi.CoDi,mami.codi.m.1.t.3.h.3.l.-2.r.950,periodicity,#664433,stretched
4.714714714714715,102.31882324959757,MaMi.CoDi,mami.codi.m.1.t.3.h.3.l.-2.r.950,periodicity,#664433,stretched
4.72972972972973,102.32702805649575,MaMi.CoDi,mami.codi.m.1.t.3.h.3.l.-2.r.950,periodicity,#664433,stretched
4.744744744744745,102.338319255405,MaMi.CoDi,mami.codi.m.1.t.3.h.3.l.-2.r.950,periodicity,#664433,stretched
4.75975975975976,102.35235765488554,MaMi.CoDi,mami.codi.m.1.t.3.h.3.l.-2.r.950,periodicity,#664433,stretched
4.774774774774775,102.36877819833619,MaMi.CoDi,mami.codi.m.1.t.3.h.3.l.-2.r.950,periodicity,#664433,stretched
4.78978978978979,102.38720123360335,MaMi.CoDi,mami.codi.m.1.t.3.h.3.l.-2.r.950,periodicity,#664433,stretched
4.804804804804805,102.40724323799031,MaMi.CoDi,mami.codi.m.1.t.3.h.3.l.-2.r.950,periodicity,#664433,stretched
4.81981981981982,102.42852663128208,MaMi.CoDi,mami.codi.m.1.t.3.h.3.l.-2.r.950,periodicity,#664433,stretched
4.834834834834835,102.45068837261918,MaMi.CoDi,mami.codi.m.1.t.3.h.3.l.-2.r.950,periodicity,#664433,stretched
4.84984984984985,102.47338710935882,MaMi.CoDi,mami.codi.m.1.t.3.h.3.l.-2.r.950,periodicity,#664433,stretched
4.864864864864865,102.49630872358482,MaMi.CoDi,mami.codi.m.1.t.3.h.3.l.-2.r.950,periodicity,#664433,stretched
4.87987987987988,102.5191702008971,MaMi.CoDi,mami.codi.m.1.t.3.h.3.l.-2.r.950,periodicity,#664433,stretched
4.894894894894895,102.54172182296816,MaMi.CoDi,mami.codi.m.1.t.3.h.3.l.-2.r.950,periodicity,#664433,stretched
4.90990990990991,102.56374775693038,MaMi.CoDi,mami.codi.m.1.t.3.h.3.l.-2.r.950,periodicity,#664433,stretched
4.924924924924925,102.58506517824235,MaMi.CoDi,mami.codi.m.1.t.3.h.3.l.-2.r.950,periodicity,#664433,stretched
4.93993993993994,102.60552211714518,MaMi.CoDi,mami.codi.m.1.t.3.h.3.l.-2.r.950,periodicity,#664433,stretched
4.954954954954955,102.62499426058561,MaMi.CoDi,mami.codi.m.1.t.3.h.3.l.-2.r.950,periodicity,#664433,stretched
4.96996996996997,102.64338097059196,MaMi.CoDi,mami.codi.m.1.t.3.h.3.l.-2.r.950,periodicity,#664433,stretched
4.984984984984985,102.66060079614604,MaMi.CoDi,mami.codi.m.1.t.3.h.3.l.-2.r.950,periodicity,#664433,stretched
5,102.67658675877448,MaMi.CoDi,mami.codi.m.1.t.3.h.3.l.-2.r.950,periodicity,#664433,stretched
5.015015015015015,102.69128168300182,MaMi.CoDi,mami.codi.m.1.t.3.h.3.l.-2.r.950,periodicity,#664433,stretched
5.03003003003003,102.70463382257935,MaMi.CoDi,mami.codi.m.1.t.3.h.3.l.-2.r.950,periodicity,#664433,stretched
5.045045045045045,102.7165930034365,MaMi.CoDi,mami.codi.m.1.t.3.h.3.l.-2.r.950,periodicity,#664433,stretched
5.06006006006006,102.72710746636871,MaMi.CoDi,mami.codi.m.1.t.3.h.3.l.-2.r.950,periodicity,#664433,stretched
5.075075075075075,102.73612154848452,MaMi.CoDi,mami.codi.m.1.t.3.h.3.l.-2.r.950,periodicity,#664433,stretched
5.09009009009009,102.74357429452758,MaMi.CoDi,mami.codi.m.1.t.3.h.3.l.-2.r.950,periodicity,#664433,stretched
5.105105105105105,102.74939903948345,MaMi.CoDi,mami.codi.m.1.t.3.h.3.l.-2.r.950,periodicity,#664433,stretched
5.12012012012012,102.75352395454678,MaMi.CoDi,mami.codi.m.1.t.3.h.3.l.-2.r.950,periodicity,#664433,stretched
5.135135135135135,102.7558735016134,MaMi.CoDi,mami.codi.m.1.t.3.h.3.l.-2.r.950,periodicity,#664433,stretched
5.15015015015015,102.75637069885842,MaMi.CoDi,mami.codi.m.1.t.3.h.3.l.-2.r.950,periodicity,#664433,stretched
5.165165165165165,102.75494006334037,MaMi.CoDi,mami.codi.m.1.t.3.h.3.l.-2.r.950,periodicity,#664433,stretched
5.18018018018018,102.75151106727878,MaMi.CoDi,mami.codi.m.1.t.3.h.3.l.-2.r.950,periodicity,#664433,stretched
5.195195195195195,102.74602192373176,MaMi.CoDi,mami.codi.m.1.t.3.h.3.l.-2.r.950,periodicity,#664433,stretched
5.21021021021021,102.7384235054363,MaMi.CoDi,mami.codi.m.1.t.3.h.3.l.-2.r.950,periodicity,#664433,stretched
5.225225225225225,102.72868319781949,MaMi.CoDi,mami.codi.m.1.t.3.h.3.l.-2.r.950,periodicity,#664433,stretched
5.24024024024024,102.71678849341039,MaMi.CoDi,mami.codi.m.1.t.3.h.3.l.-2.r.950,periodicity,#664433,stretched
5.255255255255255,102.7027501494724,MaMi.CoDi,mami.codi.m.1.t.3.h.3.l.-2.r.950,periodicity,#664433,stretched
5.27027027027027,102.686604752662,MaMi.CoDi,mami.codi.m.1.t.3.h.3.l.-2.r.950,periodicity,#664433,stretched
5.285285285285285,102.66841656259533,MaMi.CoDi,mami.codi.m.1.t.3.h.3.l.-2.r.950,periodicity,#664433,stretched
5.3003003003003,102.64827853884165,MaMi.CoDi,mami.codi.m.1.t.3.h.3.l.-2.r.950,periodicity,#664433,stretched
5.315315315315315,102.62631249137216,MaMi.CoDi,mami.codi.m.1.t.3.h.3.l.-2.r.950,periodicity,#664433,stretched
5.33033033033033,102.60266833112173,MaMi.CoDi,mami.codi.m.1.t.3.h.3.l.-2.r.950,periodicity,#664433,stretched
5.345345345345345,102.57752243337474,MaMi.CoDi,mami.codi.m.1.t.3.h.3.l.-2.r.950,periodicity,#664433,stretched
5.36036036036036,102.55107516057694,MaMi.CoDi,mami.codi.m.1.t.3.h.3.l.-2.r.950,periodicity,#664433,stretched
5.375375375375375,102.52354762155508,MaMi.CoDi,mami.codi.m.1.t.3.h.3.l.-2.r.950,periodicity,#664433,stretched
5.39039039039039,102.49517776991247,MaMi.CoDi,mami.codi.m.1.t.3.h.3.l.-2.r.950,periodicity,#664433,stretched
5.405405405405405,102.46621596481982,MaMi.CoDi,mami.codi.m.1.t.3.h.3.l.-2.r.950,periodicity,#664433,stretched
5.42042042042042,102.43692013210944,MaMi.CoDi,mami.codi.m.1.t.3.h.3.l.-2.r.950,periodicity,#664433,stretched
5.435435435435435,102.40755067246964,MaMi.CoDi,mami.codi.m.1.t.3.h.3.l.-2.r.950,periodicity,#664433,stretched
5.45045045045045,102.37836526683036,MaMi.CoDi,mami.codi.m.1.t.3.h.3.l.-2.r.950,periodicity,#664433,stretched
5.465465465465465,102.34961372724517,MaMi.CoDi,mami.codi.m.1.t.3.h.3.l.-2.r.950,periodicity,#664433,stretched
5.48048048048048,102.3215330353782,MaMi.CoDi,mami.codi.m.1.t.3.h.3.l.-2.r.950,periodicity,#664433,stretched
5.495495495495495,102.29434270088124,MaMi.CoDi,mami.codi.m.1.t.3.h.3.l.-2.r.950,periodicity,#664433,stretched
5.51051051051051,102.26824055931975,MaMi.CoDi,mami.codi.m.1.t.3.h.3.l.-2.r.950,periodicity,#664433,stretched
5.525525525525525,102.24339911464202,MaMi.CoDi,mami.codi.m.1.t.3.h.3.l.-2.r.950,periodicity,#664433,stretched
5.54054054054054,102.21996251515974,MaMi.CoDi,mami.codi.m.1.t.3.h.3.l.-2.r.950,periodicity,#664433,stretched
5.555555555555555,102.19804423515274,MaMi.CoDi,mami.codi.m.1.t.3.h.3.l.-2.r.950,periodicity,#664433,stretched
5.57057057057057,102.17772551687356,MaMi.CoDi,mami.codi.m.1.t.3.h.3.l.-2.r.950,periodicity,#664433,stretched
5.585585585585585,102.15905461015487,MaMi.CoDi,mami.codi.m.1.t.3.h.3.l.-2.r.950,periodicity,#664433,stretched
5.6006006006006,102.1420468290442,MaMi.CoDi,mami.codi.m.1.t.3.h.3.l.-2.r.950,periodicity,#664433,stretched
5.615615615615615,102.1266854269398,MaMi.CoDi,mami.codi.m.1.t.3.h.3.l.-2.r.950,periodicity,#664433,stretched
5.63063063063063,102.1129232735067,MaMi.CoDi,mami.codi.m.1.t.3.h.3.l.-2.r.950,periodicity,#664433,stretched
5.645645645645645,102.10068529819418,MaMi.CoDi,mami.codi.m.1.t.3.h.3.l.-2.r.950,periodicity,#664433,stretched
5.66066066066066,102.08987164653085,MaMi.CoDi,mami.codi.m.1.t.3.h.3.l.-2.r.950,periodicity,#664433,stretched
5.675675675675675,102.08036147670458,MaMi.CoDi,mami.codi.m.1.t.3.h.3.l.-2.r.950,periodicity,#664433,stretched
5.6906906906906904,102.07201730559485,MaMi.CoDi,mami.codi.m.1.t.3.h.3.l.-2.r.950,periodicity,#664433,stretched
5.7057057057057055,102.06468979590083,MaMi.CoDi,mami.codi.m.1.t.3.h.3.l.-2.r.950,periodicity,#664433,stretched
5.7207207207207205,102.05822285996446,MaMi.CoDi,mami.codi.m.1.t.3.h.3.l.-2.r.950,periodicity,#664433,stretched
5.7357357357357355,102.05245894205716,MaMi.CoDi,mami.codi.m.1.t.3.h.3.l.-2.r.950,periodicity,#664433,stretched
5.7507507507507505,102.04724433011745,MaMi.CoDi,mami.codi.m.1.t.3.h.3.l.-2.r.950,periodicity,#664433,stretched
5.7657657657657655,102.04243434099934,MaMi.CoDi,mami.codi.m.1.t.3.h.3.l.-2.r.950,periodicity,#664433,stretched
5.7807807807807805,102.03789822093292,MaMi.CoDi,mami.codi.m.1.t.3.h.3.l.-2.r.950,periodicity,#664433,stretched
5.7957957957957955,102.03352360571998,MaMi.CoDi,mami.codi.m.1.t.3.h.3.l.-2.r.950,periodicity,#664433,stretched
5.8108108108108105,102.02922039352383,MaMi.CoDi,mami.codi.m.1.t.3.h.3.l.-2.r.950,periodicity,#664433,stretched
5.8258258258258255,102.02492389710974,MaMi.CoDi,mami.codi.m.1.t.3.h.3.l.-2.r.950,periodicity,#664433,stretched
5.8408408408408405,102.02059716186294,MaMi.CoDi,mami.codi.m.1.t.3.h.3.l.-2.r.950,periodicity,#664433,stretched
5.8558558558558556,102.01623236039255,MaMi.CoDi,mami.codi.m.1.t.3.h.3.l.-2.r.950,periodicity,#664433,stretched
5.870870870870871,102.01185120329707,MaMi.CoDi,mami.codi.m.1.t.3.h.3.l.-2.r.950,periodicity,#664433,stretched
5.885885885885886,102.007504337718,MaMi.CoDi,mami.codi.m.1.t.3.h.3.l.-2.r.950,periodicity,#664433,stretched
5.900900900900901,102.00326973948229,MaMi.CoDi,mami.codi.m.1.t.3.h.3.l.-2.r.950,periodicity,#664433,stretched
5.915915915915916,101.99925013959567,MaMi.CoDi,mami.codi.m.1.t.3.h.3.l.-2.r.950,periodicity,#664433,stretched
5.930930930930931,101.99556956022911,MaMi.CoDi,mami.codi.m.1.t.3.h.3.l.-2.r.950,periodicity,#664433,stretched
5.945945945945946,101.99236906772192,MaMi.CoDi,mami.codi.m.1.t.3.h.3.l.-2.r.950,periodicity,#664433,stretched
5.960960960960961,101.9898018791793,MaMi.CoDi,mami.codi.m.1.t.3.h.3.l.-2.r.950,periodicity,#664433,stretched
5.975975975975976,101.98802798372107,MaMi.CoDi,mami.codi.m.1.t.3.h.3.l.-2.r.950,periodicity,#664433,stretched
5.990990990990991,101.98720845826081,MaMi.CoDi,mami.codi.m.1.t.3.h.3.l.-2.r.950,periodicity,#664433,stretched
6.006006006006006,101.98749966997568,MaMi.CoDi,mami.codi.m.1.t.3.h.3.l.-2.r.950,periodicity,#664433,stretched
6.021021021021021,101.9890475626934,MaMi.CoDi,mami.codi.m.1.t.3.h.3.l.-2.r.950,periodicity,#664433,stretched
6.036036036036036,101.99198222186106,MaMi.CoDi,mami.codi.m.1.t.3.h.3.l.-2.r.950,periodicity,#664433,stretched
6.051051051051051,101.99641290242732,MaMi.CoDi,mami.codi.m.1.t.3.h.3.l.-2.r.950,periodicity,#664433,stretched
6.066066066066066,102.00242368601292,MaMi.CoDi,mami.codi.m.1.t.3.h.3.l.-2.r.950,periodicity,#664433,stretched
6.081081081081081,102.01006990861114,MaMi.CoDi,mami.codi.m.1.t.3.h.3.l.-2.r.950,periodicity,#664433,stretched
6.096096096096096,102.01937546851873,MaMi.CoDi,mami.codi.m.1.t.3.h.3.l.-2.r.950,periodicity,#664433,stretched
6.111111111111111,102.03033108734373,MaMi.CoDi,mami.codi.m.1.t.3.h.3.l.-2.r.950,periodicity,#664433,stretched
6.126126126126126,102.0428935561515,MaMi.CoDi,mami.codi.m.1.t.3.h.3.l.-2.r.950,periodicity,#664433,stretched
6.141141141141141,102.05698595580142,MaMi.CoDi,mami.codi.m.1.t.3.h.3.l.-2.r.950,periodicity,#664433,stretched
6.156156156156156,102.07249879721908,MaMi.CoDi,mami.codi.m.1.t.3.h.3.l.-2.r.950,periodicity,#664433,stretched
6.171171171171171,102.08929198588272,MaMi.CoDi,mami.codi.m.1.t.3.h.3.l.-2.r.950,periodicity,#664433,stretched
6.186186186186186,102.10719747738803,MaMi.CoDi,mami.codi.m.1.t.3.h.3.l.-2.r.950,periodicity,#664433,stretched
6.201201201201201,102.12602245984016,MaMi.CoDi,mami.codi.m.1.t.3.h.3.l.-2.r.950,periodicity,#664433,stretched
6.216216216216216,102.14555287606528,MaMi.CoDi,mami.codi.m.1.t.3.h.3.l.-2.r.950,periodicity,#664433,stretched
6.231231231231231,102.16555708606434,MaMi.CoDi,mami.codi.m.1.t.3.h.3.l.-2.r.950,periodicity,#664433,stretched
6.246246246246246,102.18578946911612,MaMi.CoDi,mami.codi.m.1.t.3.h.3.l.-2.r.950,periodicity,#664433,stretched
6.261261261261261,102.2059937763029,MaMi.CoDi,mami.codi.m.1.t.3.h.3.l.-2.r.950,periodicity,#664433,stretched
6.276276276276276,102.22590606809246,MaMi.CoDi,mami.codi.m.1.t.3.h.3.l.-2.r.950,periodicity,#664433,stretched
6.291291291291291,102.24525710733644,MaMi.CoDi,mami.codi.m.1.t.3.h.3.l.-2.r.950,periodicity,#664433,stretched
6.306306306306306,102.26377412412694,MaMi.CoDi,mami.codi.m.1.t.3.h.3.l.-2.r.950,periodicity,#664433,stretched
6.321321321321321,102.28118192314753,MaMi.CoDi,mami.codi.m.1.t.3.h.3.l.-2.r.950,periodicity,#664433,stretched
6.336336336336336,102.29720336338477,MaMi.CoDi,mami.codi.m.1.t.3.h.3.l.-2.r.950,periodicity,#664433,stretched
6.351351351351351,102.31155930072504,MaMi.CoDi,mami.codi.m.1.t.3.h.3.l.-2.r.950,periodicity,#664433,stretched
6.366366366366366,102.32396814195806,MaMi.CoDi,mami.codi.m.1.t.3.h.3.l.-2.r.950,periodicity,#664433,stretched
6.381381381381381,102.33414520984297,MaMi.CoDi,mami.codi.m.1.t.3.h.3.l.-2.r.950,periodicity,#664433,stretched
6.396396396396396,102.34180215901397,MaMi.CoDi,mami.codi.m.1.t.3.h.3.l.-2.r.950,periodicity,#664433,stretched
6.411411411411412,102.34664670793295,MaMi.CoDi,mami.codi.m.1.t.3.h.3.l.-2.r.950,periodicity,#664433,stretched
6.426426426426427,102.3483829598196,MaMi.CoDi,mami.codi.m.1.t.3.h.3.l.-2.r.950,periodicity,#664433,stretched
6.441441441441442,102.34671257352001,MaMi.CoDi,mami.codi.m.1.t.3.h.3.l.-2.r.950,periodicity,#664433,stretched
6.456456456456457,102.34133701279971,MaMi.CoDi,mami.codi.m.1.t.3.h.3.l.-2.r.950,periodicity,#664433,stretched
6.471471471471472,102.33196105014908,MaMi.CoDi,mami.codi.m.1.t.3.h.3.l.-2.r.950,periodicity,#664433,stretched
6.486486486486487,102.31829763083984,MaMi.CoDi,mami.codi.m.1.t.3.h.3.l.-2.r.950,periodicity,#664433,stretched
6.501501501501502,102.30007411805857,MaMi.CoDi,mami.codi.m.1.t.3.h.3.l.-2.r.950,periodicity,#664433,stretched
6.516516516516517,102.27703984507565,MaMi.CoDi,mami.codi.m.1.t.3.h.3.l.-2.r.950,periodicity,#664433,stretched
6.531531531531532,102.24897480119515,MaMi.CoDi,mami.codi.m.1.t.3.h.3.l.-2.r.950,periodicity,#664433,stretched
6.546546546546547,102.21569918095308,MaMi.CoDi,mami.codi.m.1.t.3.h.3.l.-2.r.950,periodicity,#664433,stretched
6.561561561561562,102.17708343722265,MaMi.CoDi,mami.codi.m.1.t.3.h.3.l.-2.r.950,periodicity,#664433,stretched
6.576576576576577,102.13305840489649,MaMi.CoDi,mami.codi.m.1.t.3.h.3.l.-2.r.950,periodicity,#664433,stretched
6.591591591591592,102.08362500837632,MaMi.CoDi,mami.codi.m.1.t.3.h.3.l.-2.r.950,periodicity,#664433,stretched
6.606606606606607,102.02886303786555,MaMi.CoDi,mami.codi.m.1.t.3.h.3.l.-2.r.950,periodicity,#664433,stretched
6.621621621621622,101.96893847964833,MaMi.CoDi,mami.codi.m.1.t.3.h.3.l.-2.r.950,periodicity,#664433,stretched
6.636636636636637,101.90410891567092,MaMi.CoDi,mami.codi.m.1.t.3.h.3.l.-2.r.950,periodicity,#664433,stretched
6.651651651651652,101.83472656742664,MaMi.CoDi,mami.codi.m.1.t.3.h.3.l.-2.r.950,periodicity,#664433,stretched
6.666666666666667,101.76123864608599,MaMi.CoDi,mami.codi.m.1.t.3.h.3.l.-2.r.950,periodicity,#664433,stretched
6.681681681681682,101.68418478087311,MaMi.CoDi,mami.codi.m.1.t.3.h.3.l.-2.r.950,periodicity,#664433,stretched
6.696696696696697,101.60419142512795,MaMi.CoDi,mami.codi.m.1.t.3.h.3.l.-2.r.950,periodicity,#664433,stretched
6.711711711711712,101.5219632773206,MaMi.CoDi,mami.codi.m.1.t.3.h.3.l.-2.r.950,periodicity,#664433,stretched
6.726726726726727,101.43827189470484,MaMi.CoDi,mami.codi.m.1.t.3.h.3.l.-2.r.950,periodicity,#664433,stretched
6.741741741741742,101.35394181219743,MaMi.CoDi,mami.codi.m.1.t.3.h.3.l.-2.r.950,periodicity,#664433,stretched
6.756756756756757,101.26983460058788,MaMi.CoDi,mami.codi.m.1.t.3.h.3.l.-2.r.950,periodicity,#664433,stretched
6.771771771771772,101.18683139919891,MaMi.CoDi,mami.codi.m.1.t.3.h.3.l.-2.r.950,periodicity,#664433,stretched
6.786786786786787,101.10581453274449,MaMi.CoDi,mami.codi.m.1.t.3.h.3.l.-2.r.950,periodicity,#664433,stretched
6.801801801801802,101.02764886609637,MaMi.CoDi,mami.codi.m.1.t.3.h.3.l.-2.r.950,periodicity,#664433,stretched
6.816816816816817,100.95316356159522,MaMi.CoDi,mami.codi.m.1.t.3.h.3.l.-2.r.950,periodicity,#664433,stretched
6.831831831831832,100.88313488108575,MaMi.CoDi,mami.codi.m.1.t.3.h.3.l.-2.r.950,periodicity,#664433,stretched
6.846846846846847,100.81827062069573,MaMi.CoDi,mami.codi.m.1.t.3.h.3.l.-2.r.950,periodicity,#664433,stretched
6.861861861861862,100.75919668413091,MaMi.CoDi,mami.codi.m.1.t.3.h.3.l.-2.r.950,periodicity,#664433,stretched
6.876876876876877,100.70644619511984,MaMi.CoDi,mami.codi.m.1.t.3.h.3.l.-2.r.950,periodicity,#664433,stretched
6.891891891891892,100.66045142812573,MaMi.CoDi,mami.codi.m.1.t.3.h.3.l.-2.r.950,periodicity,#664433,stretched
6.906906906906907,100.62153870584062,MaMi.CoDi,mami.codi.m.1.t.3.h.3.l.-2.r.950,periodicity,#664433,stretched
6.921921921921922,100.58992627991626,MaMi.CoDi,mami.codi.m.1.t.3.h.3.l.-2.r.950,periodicity,#664433,stretched
6.936936936936937,100.56572508532946,MaMi.CoDi,mami.codi.m.1.t.3.h.3.l.-2.r.950,periodicity,#664433,stretched
6.951951951951952,100.54894214551895,MaMi.CoDi,mami.codi.m.1.t.3.h.3.l.-2.r.950,periodicity,#664433,stretched
6.966966966966967,100.53948631072467,MaMi.CoDi,mami.codi.m.1.t.3.h.3.l.-2.r.950,periodicity,#664433,stretched
6.981981981981982,100.53717594015741,MaMi.CoDi,mami.codi.m.1.t.3.h.3.l.-2.r.950,periodicity,#664433,stretched
6.996996996996997,100.54174809248487,MaMi.CoDi,mami.codi.m.1.t.3.h.3.l.-2.r.950,periodicity,#664433,stretched
7.012012012012012,100.55286876966677,MaMi.CoDi,mami.codi.m.1.t.3.h.3.l.-2.r.950,periodicity,#664433,stretched
7.027027027027027,100.57014376574266,MaMi.CoDi,mami.codi.m.1.t.3.h.3.l.-2.r.950,periodicity,#664433,stretched
7.042042042042042,100.59312970250646,MaMi.CoDi,mami.codi.m.1.t.3.h.3.l.-2.r.950,periodicity,#664433,stretched
7.057057057057057,100.62134488448427,MaMi.CoDi,mami.codi.m.1.t.3.h.3.l.-2.r.950,periodicity,#664433,stretched
7.072072072072072,100.65427967155703,MaMi.CoDi,mami.codi.m.1.t.3.h.3.l.-2.r.950,periodicity,#664433,stretched
7.087087087087087,100.6914061435552,MaMi.CoDi,mami.codi.m.1.t.3.h.3.l.-2.r.950,periodicity,#664433,stretched
7.102102102102102,100.7321869114325,MaMi.CoDi,mami.codi.m.1.t.3.h.3.l.-2.r.950,periodicity,#664433,stretched
7.117117117117117,100.77608300852845,MaMi.CoDi,mami.codi.m.1.t.3.h.3.l.-2.r.950,periodicity,#664433,stretched
7.132132132132132,100.82256086765581,MaMi.CoDi,mami.codi.m.1.t.3.h.3.l.-2.r.950,periodicity,#664433,stretched
7.147147147147147,100.8710984507535,MaMi.CoDi,mami.codi.m.1.t.3.h.3.l.-2.r.950,periodicity,#664433,stretched
7.162162162162162,100.92119064407505,MaMi.CoDi,mami.codi.m.1.t.3.h.3.l.-2.r.950,periodicity,#664433,stretched
7.177177177177177,100.97235406094283,MaMi.CoDi,mami.codi.m.1.t.3.h.3.l.-2.r.950,periodicity,#664433,stretched
7.192192192192192,101.02413140490692,MaMi.CoDi,mami.codi.m.1.t.3.h.3.l.-2.r.950,periodicity,#664433,stretched
7.207207207207207,101.07609553891423,MaMi.CoDi,mami.codi.m.1.t.3.h.3.l.-2.r.950,periodicity,#664433,stretched
7.222222222222222,101.12785338228532,MaMi.CoDi,mami.codi.m.1.t.3.h.3.l.-2.r.950,periodicity,#664433,stretched
7.237237237237237,101.17904971952524,MaMi.CoDi,mami.codi.m.1.t.3.h.3.l.-2.r.950,periodicity,#664433,stretched
7.252252252252252,101.2293709567616,MaMi.CoDi,mami.codi.m.1.t.3.h.3.l.-2.r.950,periodicity,#664433,stretched
7.267267267267267,101.27854880714929,MaMi.CoDi,mami.codi.m.1.t.3.h.3.l.-2.r.950,periodicity,#664433,stretched
7.282282282282282,101.32636383051374,MaMi.CoDi,mami.codi.m.1.t.3.h.3.l.-2.r.950,periodicity,#664433,stretched
7.297297297297297,101.37264869954551,MaMi.CoDi,mami.codi.m.1.t.3.h.3.l.-2.r.950,periodicity,#664433,stretched
7.312312312312312,101.41729101956221,MaMi.CoDi,mami.codi.m.1.t.3.h.3.l.-2.r.950,periodicity,#664433,stretched
7.327327327327327,101.46023549523531,MaMi.CoDi,mami.codi.m.1.t.3.h.3.l.-2.r.950,periodicity,#664433,stretched
7.342342342342342,101.50148521906283,MaMi.CoDi,mami.codi.m.1.t.3.h.3.l.-2.r.950,periodicity,#664433,stretched
7.357357357357357,101.54110185506721,MaMi.CoDi,mami.codi.m.1.t.3.h.3.l.-2.r.950,periodicity,#664433,stretched
7.372372372372372,101.57920450843064,MaMi.CoDi,mami.codi.m.1.t.3.h.3.l.-2.r.950,periodicity,#664433,stretched
7.387387387387387,101.61596710752025,MaMi.CoDi,mami.codi.m.1.t.3.h.3.l.-2.r.950,periodicity,#664433,stretched
7.402402402402402,101.65161417774297,MaMi.CoDi,mami.codi.m.1.t.3.h.3.l.-2.r.950,periodicity,#664433,stretched
7.4174174174174174,101.68641495443501,MaMi.CoDi,mami.codi.m.1.t.3.h.3.l.-2.r.950,periodicity,#664433,stretched
7.4324324324324325,101.72067586099101,MaMi.CoDi,mami.codi.m.1.t.3.h.3.l.-2.r.950,periodicity,#664433,stretched
7.4474474474474475,101.75473146423991,MaMi.CoDi,mami.codi.m.1.t.3.h.3.l.-2.r.950,periodicity,#664433,stretched
7.4624624624624625,101.78893410662853,MaMi.CoDi,mami.codi.m.1.t.3.h.3.l.-2.r.950,periodicity,#664433,stretched
7.4774774774774775,101.8236424986516,MaMi.CoDi,mami.codi.m.1.t.3.h.3.l.-2.r.950,periodicity,#664433,stretched
7.4924924924924925,101.85920962977596,MaMi.CoDi,mami.codi.m.1.t.3.h.3.l.-2.r.950,periodicity,#664433,stretched
7.5075075075075075,101.895970416742,MaMi.CoDi,mami.codi.m.1.t.3.h.3.l.-2.r.950,periodicity,#664433,stretched
7.5225225225225225,101.93422955015086,MaMi.CoDi,mami.codi.m.1.t.3.h.3.l.-2.r.950,periodicity,#664433,stretched
7.5375375375375375,101.97425002017508,MaMi.CoDi,mami.codi.m.1.t.3.h.3.l.-2.r.950,periodicity,#664433,stretched
7.5525525525525525,102.01624279777401,MaMi.CoDi,mami.codi.m.1.t.3.h.3.l.-2.r.950,periodicity,#664433,stretched
7.5675675675675675,102.06035811804219,MaMi.CoDi,mami.codi.m.1.t.3.h.3.l.-2.r.950,periodicity,#664433,stretched
7.5825825825825826,102.10667875784299,MaMi.CoDi,mami.codi.m.1.t.3.h.3.l.-2.r.950,periodicity,#664433,stretched
7.597597597597598,102.15521562274525,MaMi.CoDi,mami.codi.m.1.t.3.h.3.l.-2.r.950,periodicity,#664433,stretched
7.612612612612613,102.20590586195422,MaMi.CoDi,mami.codi.m.1.t.3.h.3.l.-2.r.950,periodicity,#664433,stretched
7.627627627627628,102.25861361913122,MaMi.CoDi,mami.codi.m.1.t.3.h.3.l.-2.r.950,periodicity,#664433,stretched
7.642642642642643,102.31313340740546,MaMi.CoDi,mami.codi.m.1.t.3.h.3.l.-2.r.950,periodicity,#664433,stretched
7.657657657657658,102.36919597487044,MaMi.CoDi,mami.codi.m.1.t.3.h.3.l.-2.r.950,periodicity,#664433,stretched
7.672672672672673,102.42647640905625,MaMi.CoDi,mami.codi.m.1.t.3.h.3.l.-2.r.950,periodicity,#664433,stretched
7.687687687687688,102.48460412183326,MaMi.CoDi,mami.codi.m.1.t.3.h.3.l.-2.r.950,periodicity,#664433,stretched
7.702702702702703,102.543174265976,MaMi.CoDi,mami.codi.m.1.t.3.h.3.l.-2.r.950,periodicity,#664433,stretched
7.717717717717718,102.6017600663785,MaMi.CoDi,mami.codi.m.1.t.3.h.3.l.-2.r.950,periodicity,#664433,stretched
7.732732732732733,102.65992550665185,MaMi.CoDi,mami.codi.m.1.t.3.h.3.l.-2.r.950,periodicity,#664433,stretched
7.747747747747748,102.71723779811181,MaMi.CoDi,mami.codi.m.1.t.3.h.3.l.-2.r.950,periodicity,#664433,stretched
7.762762762762763,102.77327907390692,MaMi.CoDi,mami.codi.m.1.t.3.h.3.l.-2.r.950,periodicity,#664433,stretched
7.777777777777778,102.82765679555244,MaMi.CoDi,mami.codi.m.1.t.3.h.3.l.-2.r.950,periodicity,#664433,stretched
7.792792792792793,102.88001243003721,MaMi.CoDi,mami.codi.m.1.t.3.h.3.l.-2.r.950,periodicity,#664433,stretched
7.807807807807808,102.93002804913473,MaMi.CoDi,mami.codi.m.1.t.3.h.3.l.-2.r.950,periodicity,#664433,stretched
7.822822822822823,102.97743061345753,MaMi.CoDi,mami.codi.m.1.t.3.h.3.l.-2.r.950,periodicity,#664433,stretched
7.837837837837838,103.02199382605997,MaMi.CoDi,mami.codi.m.1.t.3.h.3.l.-2.r.950,periodicity,#664433,stretched
7.852852852852853,103.06353756738368,MaMi.CoDi,mami.codi.m.1.t.3.h.3.l.-2.r.950,periodicity,#664433,stretched
7.867867867867868,103.10192504816064,MaMi.CoDi,mami.codi.m.1.t.3.h.3.l.-2.r.950,periodicity,#664433,stretched
7.882882882882883,103.13705793290856,MaMi.CoDi,mami.codi.m.1.t.3.h.3.l.-2.r.950,periodicity,#664433,stretched
7.897897897897898,103.16886978780029,MaMi.CoDi,mami.codi.m.1.t.3.h.3.l.-2.r.950,periodicity,#664433,stretched
7.912912912912913,103.19731828784376,MaMi.CoDi,mami.codi.m.1.t.3.h.3.l.-2.r.950,periodicity,#664433,stretched
7.927927927927928,103.2223766755618,MaMi.CoDi,mami.codi.m.1.t.3.h.3.l.-2.r.950,periodicity,#664433,stretched
7.942942942942943,103.24402499420312,MaMi.CoDi,mami.codi.m.1.t.3.h.3.l.-2.r.950,periodicity,#664433,stretched
7.957957957957958,103.26224162197603,MaMi.CoDi,mami.codi.m.1.t.3.h.3.l.-2.r.950,periodicity,#664433,stretched
7.972972972972973,103.27699561039816,MaMi.CoDi,mami.codi.m.1.t.3.h.3.l.-2.r.950,periodicity,#664433,stretched
7.987987987987988,103.28824028157683,MaMi.CoDi,mami.codi.m.1.t.3.h.3.l.-2.r.950,periodicity,#664433,stretched
8.003003003003004,103.29590846932267,MaMi.CoDi,mami.codi.m.1.t.3.h.3.l.-2.r.950,periodicity,#664433,stretched
8.018018018018019,103.29990970169102,MaMi.CoDi,mami.codi.m.1.t.3.h.3.l.-2.r.950,periodicity,#664433,stretched
8.033033033033034,103.30012952285959,MaMi.CoDi,mami.codi.m.1.t.3.h.3.l.-2.r.950,periodicity,#664433,stretched
8.048048048048049,103.2964310455545,MaMi.CoDi,mami.codi.m.1.t.3.h.3.l.-2.r.950,periodicity,#664433,stretched
8.063063063063064,103.28865871701274,MaMi.CoDi,mami.codi.m.1.t.3.h.3.l.-2.r.950,periodicity,#664433,stretched
8.078078078078079,103.27664417694285,MaMi.CoDi,mami.codi.m.1.t.3.h.3.l.-2.r.950,periodicity,#664433,stretched
8.093093093093094,103.26021398982981,MaMi.CoDi,mami.codi.m.1.t.3.h.3.l.-2.r.950,periodicity,#664433,stretched
8.108108108108109,103.23919895019489,MaMi.CoDi,mami.codi.m.1.t.3.h.3.l.-2.r.950,periodicity,#664433,stretched
8.123123123123124,103.21344459115649,MaMi.CoDi,mami.codi.m.1.t.3.h.3.l.-2.r.950,periodicity,#664433,stretched
8.138138138138139,103.1828224759076,MaMi.CoDi,mami.codi.m.1.t.3.h.3.l.-2.r.950,periodicity,#664433,stretched
8.153153153153154,103.14724181964367,MaMi.CoDi,mami.codi.m.1.t.3.h.3.l.-2.r.950,periodicity,#664433,stretched
8.168168168168169,103.10666097614495,MaMi.CoDi,mami.codi.m.1.t.3.h.3.l.-2.r.950,periodicity,#664433,stretched
8.183183183183184,103.06109832794147,MaMi.CoDi,mami.codi.m.1.t.3.h.3.l.-2.r.950,periodicity,#664433,stretched
8.198198198198199,103.0106421403249,MaMi.CoDi,mami.codi.m.1.t.3.h.3.l.-2.r.950,periodicity,#664433,stretched
8.213213213213214,102.95545897546555,MaMi.CoDi,mami.codi.m.1.t.3.h.3.l.-2.r.950,periodicity,#664433,stretched
8.228228228228229,102.89580031123297,MaMi.CoDi,mami.codi.m.1.t.3.h.3.l.-2.r.950,periodicity,#664433,stretched
8.243243243243244,102.8320070675073,MaMi.CoDi,mami.codi.m.1.t.3.h.3.l.-2.r.950,periodicity,#664433,stretched
8.258258258258259,102.76451180828883,MaMi.CoDi,mami.codi.m.1.t.3.h.3.l.-2.r.950,periodicity,#664433,stretched
8.273273273273274,102.6938384583352,MaMi.CoDi,mami.codi.m.1.t.3.h.3.l.-2.r.950,periodicity,#664433,stretched
8.288288288288289,102.62059944616517,MaMi.CoDi,mami.codi.m.1.t.3.h.3.l.-2.r.950,periodicity,#664433,stretched
8.303303303303304,102.54549025903783,MaMi.CoDi,mami.codi.m.1.t.3.h.3.l.-2.r.950,periodicity,#664433,stretched
8.318318318318319,102.46928146821962,MaMi.CoDi,mami.codi.m.1.t.3.h.3.l.-2.r.950,periodicity,#664433,stretched
8.333333333333334,102.3928083529757,MaMi.CoDi,mami.codi.m.1.t.3.h.3.l.-2.r.950,periodicity,#664433,stretched
8.348348348348349,102.31695831794241,MaMi.CoDi,mami.codi.m.1.t.3.h.3.l.-2.r.950,periodicity,#664433,stretched
8.363363363363364,102.24265635971241,MaMi.CoDi,mami.codi.m.1.t.3.h.3.l.-2.r.950,periodicity,#664433,stretched
8.378378378378379,102.17084889353131,MaMi.CoDi,mami.codi.m.1.t.3.h.3.l.-2.r.950,periodicity,#664433,stretched
8.393393393393394,102.10248629896547,MaMi.CoDi,mami.codi.m.1.t.3.h.3.l.-2.r.950,periodicity,#664433,stretched
8.408408408408409,102.03850458330425,MaMi.CoDi,mami.codi.m.1.t.3.h.3.l.-2.r.950,periodicity,#664433,stretched
8.423423423423424,101.97980659238254,MaMi.CoDi,mami.codi.m.1.t.3.h.3.l.-2.r.950,periodicity,#664433,stretched
8.438438438438439,101.92724321953877,MaMi.CoDi,mami.codi.m.1.t.3.h.3.l.-2.r.950,periodicity,#664433,stretched
8.453453453453454,101.88159507380068,MaMi.CoDi,mami.codi.m.1.t.3.h.3.l.-2.r.950,periodicity,#664433,stretched
8.468468468468469,101.84355506740124,MaMi.CoDi,mami.codi.m.1.t.3.h.3.l.-2.r.950,periodicity,#664433,stretched
8.483483483483484,101.81371236993094,MaMi.CoDi,mami.codi.m.1.t.3.h.3.l.-2.r.950,periodicity,#664433,stretched
8.498498498498499,101.79253815162268,MaMi.CoDi,mami.codi.m.1.t.3.h.3.l.-2.r.950,periodicity,#664433,stretched
8.513513513513514,101.78037350156302,MaMi.CoDi,mami.codi.m.1.t.3.h.3.l.-2.r.950,periodicity,#664433,stretched
8.528528528528529,101.7774198585515,MaMi.CoDi,mami.codi.m.1.t.3.h.3.l.-2.r.950,periodicity,#664433,stretched
8.543543543543544,101.78373223382403,MaMi.CoDi,mami.codi.m.1.t.3.h.3.l.-2.r.950,periodicity,#664433,stretched
8.558558558558559,101.7992154372584,MaMi.CoDi,mami.codi.m.1.t.3.h.3.l.-2.r.950,periodicity,#664433,stretched
8.573573573573574,101.82362344376676,MaMi.CoDi,mami.codi.m.1.t.3.h.3.l.-2.r.950,periodicity,#664433,stretched
8.588588588588589,101.85656195647424,MaMi.CoDi,mami.codi.m.1.t.3.h.3.l.-2.r.950,periodicity,#664433,stretched
8.603603603603604,101.89749414039002,MaMi.CoDi,mami.codi.m.1.t.3.h.3.l.-2.r.950,periodicity,#664433,stretched
8.618618618618619,101.94574941722064,MaMi.CoDi,mami.codi.m.1.t.3.h.3.l.-2.r.950,periodicity,#664433,stretched
8.633633633633634,102.00053513144097,MaMi.CoDi,mami.codi.m.1.t.3.h.3.l.-2.r.950,periodicity,#664433,stretched
8.64864864864865,102.06095082239787,MaMi.CoDi,mami.codi.m.1.t.3.h.3.l.-2.r.950,periodicity,#664433,stretched
8.663663663663664,102.12600476957523,MaMi.CoDi,mami.codi.m.1.t.3.h.3.l.-2.r.950,periodicity,#664433,stretched
8.67867867867868,102.19463242044506,MaMi.CoDi,mami.codi.m.1.t.3.h.3.l.-2.r.950,periodicity,#664433,stretched
8.693693693693694,102.2657162644247,MaMi.CoDi,mami.codi.m.1.t.3.h.3.l.-2.r.950,periodicity,#664433,stretched
8.70870870870871,102.33810668376697,MaMi.CoDi,mami.codi.m.1.t.3.h.3.l.-2.r.950,periodicity,#664433,stretched
8.723723723723724,102.41064329361666,MaMi.CoDi,mami.codi.m.1.t.3.h.3.l.-2.r.950,periodicity,#664433,stretched
8.73873873873874,102.48217627930038,MaMi.CoDi,mami.codi.m.1.t.3.h.3.l.-2.r.950,periodicity,#664433,stretched
8.753753753753754,102.55158724897582,MaMi.CoDi,mami.codi.m.1.t.3.h.3.l.-2.r.950,periodicity,#664433,stretched
8.76876876876877,102.61780914326312,MaMi.CoDi,mami.codi.m.1.t.3.h.3.l.-2.r.950,periodicity,#664433,stretched
8.783783783783784,102.67984477920177,MaMi.CoDi,mami.codi.m.1.t.3.h.3.l.-2.r.950,periodicity,#664433,stretched
8.7987987987988,102.73678365213374,MaMi.CoDi,mami.codi.m.1.t.3.h.3.l.-2.r.950,periodicity,#664433,stretched
8.813813813813814,102.78781667394573,MaMi.CoDi,mami.codi.m.1.t.3.h.3.l.-2.r.950,periodicity,#664433,stretched
8.82882882882883,102.83224858728957,MaMi.CoDi,mami.codi.m.1.t.3.h.3.l.-2.r.950,periodicity,#664433,stretched
8.843843843843844,102.86950786063635,MaMi.CoDi,mami.codi.m.1.t.3.h.3.l.-2.r.950,periodicity,#664433,stretched
8.85885885885886,102.89915393597639,MaMi.CoDi,mami.codi.m.1.t.3.h.3.l.-2.r.950,periodicity,#664433,stretched
8.873873873873874,102.92088176745287,MaMi.CoDi,mami.codi.m.1.t.3.h.3.l.-2.r.950,periodicity,#664433,stretched
8.88888888888889,102.9345236531819,MaMi.CoDi,mami.codi.m.1.t.3.h.3.l.-2.r.950,periodicity,#664433,stretched
8.903903903903904,102.94004842222681,MaMi.CoDi,mami.codi.m.1.t.3.h.3.l.-2.r.950,periodicity,#664433,stretched
8.91891891891892,102.93755809273098,MaMi.CoDi,mami.codi.m.1.t.3.h.3.l.-2.r.950,periodicity,#664433,stretched
8.933933933933934,102.92728216451889,MaMi.CoDi,mami.codi.m.1.t.3.h.3.l.-2.r.950,periodicity,#664433,stretched
8.94894894894895,102.90956974935047,MaMi.CoDi,mami.codi.m.1.t.3.h.3.l.-2.r.950,periodicity,#664433,stretched
8.963963963963964,102.88487977413673,MaMi.CoDi,mami.codi.m.1.t.3.h.3.l.-2.r.950,periodicity,#664433,stretched
8.97897897897898,102.85376951678596,MaMi.CoDi,mami.codi.m.1.t.3.h.3.l.-2.r.950,periodicity,#664433,stretched
8.993993993993994,102.81688175123465,MaMi.CoDi,mami.codi.m.1.t.3.h.3.l.-2.r.950,periodicity,#664433,stretched
9.00900900900901,102.77493078812758,MaMi.CoDi,mami.codi.m.1.t.3.h.3.l.-2.r.950,periodicity,#664433,stretched
9.024024024024024,102.72868770121711,MaMi.CoDi,mami.codi.m.1.t.3.h.3.l.-2.r.950,periodicity,#664433,stretched
9.03903903903904,102.67896502762365,MaMi.CoDi,mami.codi.m.1.t.3.h.3.l.-2.r.950,periodicity,#664433,stretched
9.054054054054054,102.62660122342976,MaMi.CoDi,mami.codi.m.1.t.3.h.3.l.-2.r.950,periodicity,#664433,stretched
9.06906906906907,102.5724451454836,MaMi.CoDi,mami.codi.m.1.t.3.h.3.l.-2.r.950,periodicity,#664433,stretched
9.084084084084084,102.5173408164816,MaMi.CoDi,mami.codi.m.1.t.3.h.3.l.-2.r.950,periodicity,#664433,stretched
9.0990990990991,102.46211271405808,MaMi.CoDi,mami.codi.m.1.t.3.h.3.l.-2.r.950,periodicity,#664433,stretched
9.114114114114114,102.40755180627491,MaMi.CoDi,mami.codi.m.1.t.3.h.3.l.-2.r.950,periodicity,#664433,stretched
9.12912912912913,102.35440253603919,MaMi.CoDi,mami.codi.m.1.t.3.h.3.l.-2.r.950,periodicity,#664433,stretched
9.144144144144144,102.30335093591393,MaMi.CoDi,mami.codi.m.1.t.3.h.3.l.-2.r.950,periodicity,#664433,stretched
9.15915915915916,102.25501403280504,MaMi.CoDi,mami.codi.m.1.t.3.h.3.l.-2.r.950,periodicity,#664433,stretched
9.174174174174174,102.20993067926902,MaMi.CoDi,mami.codi.m.1.t.3.h.3.l.-2.r.950,periodicity,#664433,stretched
9.18918918918919,102.16855392482975,MaMi.CoDi,mami.codi.m.1.t.3.h.3.l.-2.r.950,periodicity,#664433,stretched
9.204204204204204,102.13124501680133,MaMi.CoDi,mami.codi.m.1.t.3.h.3.l.-2.r.950,periodicity,#664433,stretched
9.21921921921922,102.09826909575574,MaMi.CoDi,mami.codi.m.1.t.3.h.3.l.-2.r.950,periodicity,#664433,stretched
9.234234234234235,102.06979262599711,MaMi.CoDi,mami.codi.m.1.t.3.h.3.l.-2.r.950,periodicity,#664433,stretched
9.24924924924925,102.04588257629845,MaMi.CoDi,mami.codi.m.1.t.3.h.3.l.-2.r.950,periodicity,#664433,stretched
9.264264264264265,102.02650734077832,MaMi.CoDi,mami.codi.m.1.t.3.h.3.l.-2.r.950,periodicity,#664433,stretched
9.27927927927928,102.01153936428612,MaMi.CoDi,mami.codi.m.1.t.3.h.3.l.-2.r.950,periodicity,#664433,stretched
9.294294294294295,102.0007594111708,MaMi.CoDi,mami.codi.m.1.t.3.h.3.l.-2.r.950,periodicity,#664433,stretched
9.30930930930931,101.99386239104537,MaMi.CoDi,mami.codi.m.1.t.3.h.3.l.-2.r.950,periodicity,#664433,stretched
9.324324324324325,101.99046463040128,MaMi.CoDi,mami.codi.m.1.t.3.h.3.l.-2.r.950,periodicity,#664433,stretched
9.33933933933934,101.99011245501224,MaMi.CoDi,mami.codi.m.1.t.3.h.3.l.-2.r.950,periodicity,#664433,stretched
9.354354354354355,101.99229192542653,MaMi.CoDi,mami.codi.m.1.t.3.h.3.l.-2.r.950,periodicity,#664433,stretched
9.36936936936937,101.99643954694479,MaMi.CoDi,mami.codi.m.1.t.3.h.3.l.-2.r.950,periodicity,#664433,stretched
9.384384384384385,102.00195375690438,MaMi.CoDi,mami.codi.m.1.t.3.h.3.l.-2.r.950,periodicity,#664433,stretched
9.3993993993994,102.00820697641295,MaMi.CoDi,mami.codi.m.1.t.3.h.3.l.-2.r.950,periodicity,#664433,stretched
9.414414414414415,102.01455800153937,MaMi.CoDi,mami.codi.m.1.t.3.h.3.l.-2.r.950,periodicity,#664433,stretched
9.42942942942943,102.02036450098012,MaMi.CoDi,mami.codi.m.1.t.3.h.3.l.-2.r.950,periodicity,#664433,stretched
9.444444444444445,102.02499538393022,MaMi.CoDi,mami.codi.m.1.t.3.h.3.l.-2.r.950,periodicity,#664433,stretched
9.45945945945946,102.02784280376446,MaMi.CoDi,mami.codi.m.1.t.3.h.3.l.-2.r.950,periodicity,#664433,stretched
9.474474474474475,102.02833357046885,MaMi.CoDi,mami.codi.m.1.t.3.h.3.l.-2.r.950,periodicity,#664433,stretched
9.48948948948949,102.02593975767573,MaMi.CoDi,mami.codi.m.1.t.3.h.3.l.-2.r.950,periodicity,#664433,stretched
9.504504504504505,102.02018830854087,MaMi.CoDi,mami.codi.m.1.t.3.h.3.l.-2.r.950,periodicity,#664433,stretched
9.51951951951952,102.01066946818082,MaMi.CoDi,mami.codi.m.1.t.3.h.3.l.-2.r.950,periodicity,#664433,stretched
9.534534534534535,101.99704389836724,MaMi.CoDi,mami.codi.m.1.t.3.h.3.l.-2.r.950,periodicity,#664433,stretched
9.54954954954955,101.979048361795,MaMi.CoDi,mami.codi.m.1.t.3.h.3.l.-2.r.950,periodicity,#664433,stretched
9.564564564564565,101.95649989744773,MaMi.CoDi,mami.codi.m.1.t.3.h.3.l.-2.r.950,periodicity,#664433,stretched
9.57957957957958,101.92929844419317,MaMi.CoDi,mami.codi.m.1.t.3.h.3.l.-2.r.950,periodicity,#664433,stretched
9.594594594594595,101.89742790545917,MaMi.CoDi,mami.codi.m.1.t.3.h.3.l.-2.r.950,periodicity,#664433,stretched
9.60960960960961,101.86095568239399,MaMi.CoDi,mami.codi.m.1.t.3.h.3.l.-2.r.950,periodicity,#664433,stretched
9.624624624624625,101.82003073510661,MaMi.CoDi,mami.codi.m.1.t.3.h.3.l.-2.r.950,periodicity,#664433,stretched
9.63963963963964,101.77488026035002,MaMi.CoDi,mami.codi.m.1.t.3.h.3.l.-2.r.950,periodicity,#664433,stretched
9.654654654654655,101.725805098549,MaMi.CoDi,mami.codi.m.1.t.3.h.3.l.-2.r.950,periodicity,#664433,stretched
9.66966966966967,101.6731740028077,MaMi.CoDi,mami.codi.m.1.t.3.h.3.l.-2.r.950,periodicity,#664433,stretched
9.684684684684685,101.61741691721133,MaMi.CoDi,mami.codi.m.1.t.3.h.3.l.-2.r.950,periodicity,#664433,stretched
9.6996996996997,101.55901742139791,MaMi.CoDi,mami.codi.m.1.t.3.h.3.l.-2.r.950,periodicity,#664433,stretched
9.714714714714715,101.49850450333395,MaMi.CoDi,mami.codi.m.1.t.3.h.3.l.-2.r.950,periodicity,#664433,stretched
9.72972972972973,101.43644382303683,MaMi.CoDi,mami.codi.m.1.t.3.h.3.l.-2.r.950,periodicity,#664433,stretched
9.744744744744745,101.37342862735935,MaMi.CoDi,mami.codi.m.1.t.3.h.3.l.-2.r.950,periodicity,#664433,stretched
9.75975975975976,101.31007047072482,MaMi.CoDi,mami.codi.m.1.t.3.h.3.l.-2.r.950,periodicity,#664433,stretched
9.774774774774775,101.24698988969368,MaMi.CoDi,mami.codi.m.1.t.3.h.3.l.-2.r.950,periodicity,#664433,stretched
9.78978978978979,101.18480717125236,MaMi.CoDi,mami.codi.m.1.t.3.h.3.l.-2.r.950,periodicity,#664433,stretched
9.804804804804805,101.12413334639858,MaMi.CoDi,mami.codi.m.1.t.3.h.3.l.-2.r.950,periodicity,#664433,stretched
9.81981981981982,101.06556153243024,MaMi.CoDi,mami.codi.m.1.t.3.h.3.l.-2.r.950,periodicity,#664433,stretched
9.834834834834835,101.00965873961167,MaMi.CoDi,mami.codi.m.1.t.3.h.3.l.-2.r.950,periodicity,#664433,stretched
9.84984984984985,100.95695825064661,MaMi.CoDi,mami.codi.m.1.t.3.h.3.l.-2.r.950,periodicity,#664433,stretched
9.864864864864865,100.90795267447972,MaMi.CoDi,mami.codi.m.1.t.3.h.3.l.-2.r.950,periodicity,#664433,stretched
9.87987987987988,100.86308776904725,MaMi.CoDi,mami.codi.m.1.t.3.h.3.l.-2.r.950,periodicity,#664433,stretched
9.894894894894895,100.82275712025088,MaMi.CoDi,mami.codi.m.1.t.3.h.3.l.-2.r.950,periodicity,#664433,stretched
9.90990990990991,100.78729775609231,MaMi.CoDi,mami.codi.m.1.t.3.h.3.l.-2.r.950,periodicity,#664433,stretched
9.924924924924925,100.75698676503154,MaMi.CoDi,mami.codi.m.1.t.3.h.3.l.-2.r.950,periodicity,#664433,stretched
9.93993993993994,100.73203897573241,MaMi.CoDi,mami.codi.m.1.t.3.h.3.l.-2.r.950,periodicity,#664433,stretched
9.954954954954955,100.71260574100499,MaMi.CoDi,mami.codi.m.1.t.3.h.3.l.-2.r.950,periodicity,#664433,stretched
9.96996996996997,100.69877485174331,MaMi.CoDi,mami.codi.m.1.t.3.h.3.l.-2.r.950,periodicity,#664433,stretched
9.984984984984985,100.69057158687967,MaMi.CoDi,mami.codi.m.1.t.3.h.3.l.-2.r.950,periodicity,#664433,stretched
10,100.68796088301205,MaMi.CoDi,mami.codi.m.1.t.3.h.3.l.-2.r.950,periodicity,#664433,stretched
10.015015015015015,100.69085058274092,MaMi.CoDi,mami.codi.m.1.t.3.h.3.l.-2.r.950,periodicity,#664433,stretched
10.03003003003003,100.69909569444648,MaMi.CoDi,mami.codi.m.1.t.3.h.3.l.-2.r.950,periodicity,#664433,stretched
10.045045045045045,100.71250356899228,MaMi.CoDi,mami.codi.m.1.t.3.h.3.l.-2.r.950,periodicity,#664433,stretched
10.06006006006006,100.7308398715696,MaMi.CoDi,mami.codi.m.1.t.3.h.3.l.-2.r.950,periodicity,#664433,stretched
10.075075075075075,100.75383520064476,MaMi.CoDi,mami.codi.m.1.t.3.h.3.l.-2.r.950,periodicity,#664433,stretched
10.09009009009009,100.78119218186323,MaMi.CoDi,mami.codi.m.1.t.3.h.3.l.-2.r.950,periodicity,#664433,stretched
10.105105105105105,100.81259284398232,MaMi.CoDi,mami.codi.m.1.t.3.h.3.l.-2.r.950,periodicity,#664433,stretched
10.12012012012012,100.847706067637,MaMi.CoDi,mami.codi.m.1.t.3.h.3.l.-2.r.950,periodicity,#664433,stretched
10.135135135135135,100.88619488709877,MaMi.CoDi,mami.codi.m.1.t.3.h.3.l.-2.r.950,periodicity,#664433,stretched
10.15015015015015,100.92772342119949,MaMi.CoDi,mami.codi.m.1.t.3.h.3.l.-2.r.950,periodicity,#664433,stretched
10.165165165165165,100.97196321311321,MaMi.CoDi,mami.codi.m.1.t.3.h.3.l.-2.r.950,periodicity,#664433,stretched
10.18018018018018,101.0185987703483,MaMi.CoDi,mami.codi.m.1.t.3.h.3.l.-2.r.950,periodicity,#664433,stretched
10.195195195195195,101.06733211645079,MaMi.CoDi,mami.codi.m.1.t.3.h.3.l.-2.r.950,periodicity,#664433,stretched
10.21021021021021,101.11788619456838,MaMi.CoDi,mami.codi.m.1.t.3.h.3.l.-2.r.950,periodicity,#664433,stretched
10.225225225225225,101.17000699979727,MaMi.CoDi,mami.codi.m.1.t.3.h.3.l.-2.r.950,periodicity,#664433,stretched
10.24024024024024,101.22346436133324,MaMi.CoDi,mami.codi.m.1.t.3.h.3.l.-2.r.950,periodicity,#664433,stretched
10.255255255255255,101.2780513456365,MaMi.CoDi,mami.codi.m.1.t.3.h.3.l.-2.r.950,periodicity,#664433,stretched
10.27027027027027,101.33358230643051,MaMi.CoDi,mami.codi.m.1.t.3.h.3.l.-2.r.950,periodicity,#664433,stretched
10.285285285285285,101.38988966431587,MaMi.CoDi,mami.codi.m.1.t.3.h.3.l.-2.r.950,periodicity,#664433,stretched
10.3003003003003,101.44681955569988,MaMi.CoDi,mami.codi.m.1.t.3.h.3.l.-2.r.950,periodicity,#664433,stretched
10.315315315315315,101.5042265449678,MaMi.CoDi,mami.codi.m.1.t.3.h.3.l.-2.r.950,periodicity,#664433,stretched
10.33033033033033,101.56196764263169,MaMi.CoDi,mami.codi.m.1.t.3.h.3.l.-2.r.950,periodicity,#664433,stretched
10.345345345345345,101.61989591284406,MaMi.CoDi,mami.codi.m.1.t.3.h.3.l.-2.r.950,periodicity,#664433,stretched
10.36036036036036,101.67785398368869,MaMi.CoDi,mami.codi.m.1.t.3.h.3.l.-2.r.950,periodicity,#664433,stretched
10.375375375375375,101.73566779089856,MaMi.CoDi,mami.codi.m.1.t.3.h.3.l.-2.r.950,periodicity,#664433,stretched
10.39039039039039,101.79314088853671,MaMi.CoDi,mami.codi.m.1.t.3.h.3.l.-2.r.950,periodicity,#664433,stretched
10.405405405405405,101.85004964776871,MaMi.CoDi,mami.codi.m.1.t.3.h.3.l.-2.r.950,periodicity,#664433,stretched
10.42042042042042,101.90613963705334,MaMi.CoDi,mami.codi.m.1.t.3.h.3.l.-2.r.950,periodicity,#664433,stretched
10.435435435435435,101.9611234345791,MaMi.CoDi,mami.codi.m.1.t.3.h.3.l.-2.r.950,periodicity,#664433,stretched
10.45045045045045,102.01468006815678,MaMi.CoDi,mami.codi.m.1.t.3.h.3.l.-2.r.950,periodicity,#664433,stretched
10.465465465465465,102.0664562114134,MaMi.CoDi,mami.codi.m.1.t.3.h.3.l.-2.r.950,periodicity,#664433,stretched
10.48048048048048,102.11606919107226,MaMi.CoDi,mami.codi.m.1.t.3.h.3.l.-2.r.950,periodicity,#664433,stretched
10.495495495495495,102.16311178193517,MaMi.CoDi,mami.codi.m.1.t.3.h.3.l.-2.r.950,periodicity,#664433,stretched
10.51051051051051,102.2071586877916,MaMi.CoDi,mami.codi.m.1.t.3.h.3.l.-2.r.950,periodicity,#664433,stretched
10.525525525525525,102.24777453182895,MaMi.CoDi,mami.codi.m.1.t.3.h.3.l.-2.r.950,periodicity,#664433,stretched
10.54054054054054,102.28452311300737,MaMi.CoDi,mami.codi.m.1.t.3.h.3.l.-2.r.950,periodicity,#664433,stretched
10.555555555555555,102.31697762862052,MaMi.CoDi,mami.codi.m.1.t.3.h.3.l.-2.r.950,periodicity,#664433,stretched
10.57057057057057,102.3447315206494,MaMi.CoDi,mami.codi.m.1.t.3.h.3.l.-2.r.950,periodicity,#664433,stretched
10.585585585585585,102.3674095763838,MaMi.CoDi,mami.codi.m.1.t.3.h.3.l.-2.r.950,periodicity,#664433,stretched
10.6006006006006,102.3846789031417,MaMi.CoDi,mami.codi.m.1.t.3.h.3.l.-2.r.950,periodicity,#664433,stretched
10.615615615615615,102.39625940271578,MaMi.CoDi,mami.codi.m.1.t.3.h.3.l.-2.r.950,periodicity,#664433,stretched
10.63063063063063,102.40193339247693,MaMi.CoDi,mami.codi.m.1.t.3.h.3.l.-2.r.950,periodicity,#664433,stretched
10.645645645645645,102.401554055026,MaMi.CoDi,mami.codi.m.1.t.3.h.3.l.-2.r.950,periodicity,#664433,stretched
10.66066066066066,102.39505244441015,MaMi.CoDi,mami.codi.m.1.t.3.h.3.l.-2.r.950,periodicity,#664433,stretched
10.675675675675675,102.38244283118122,MaMi.CoDi,mami.codi.m.1.t.3.h.3.l.-2.r.950,periodicity,#664433,stretched
10.69069069069069,102.36382622774417,MaMi.CoDi,mami.codi.m.1.t.3.h.3.l.-2.r.950,periodicity,#664433,stretched
10.705705705705705,102.33939199625101,MaMi.CoDi,mami.codi.m.1.t.3.h.3.l.-2.r.950,periodicity,#664433,stretched
10.72072072072072,102.30941750074467,MaMi.CoDi,mami.codi.m.1.t.3.h.3.l.-2.r.950,periodicity,#664433,stretched
10.735735735735735,102.27426582077388,MaMi.CoDi,mami.codi.m.1.t.3.h.3.l.-2.r.950,periodicity,#664433,stretched
10.75075075075075,102.2343815933153,MaMi.CoDi,mami.codi.m.1.t.3.h.3.l.-2.r.950,periodicity,#664433,stretched
10.765765765765765,102.19028509228677,MaMi.CoDi,mami.codi.m.1.t.3.h.3.l.-2.r.950,periodicity,#664433,stretched
10.78078078078078,102.1425646896597,MaMi.CoDi,mami.codi.m.1.t.3.h.3.l.-2.r.950,periodicity,#664433,stretched
10.795795795795796,102.0918678693033,MaMi.CoDi,mami.codi.m.1.t.3.h.3.l.-2.r.950,periodicity,#664433,stretched
10.81081081081081,102.03889098490937,MaMi.CoDi,mami.codi.m.1.t.3.h.3.l.-2.r.950,periodicity,#664433,stretched
10.825825825825826,101.98436796779167,MaMi.CoDi,mami.codi.m.1.t.3.h.3.l.-2.r.950,periodicity,#664433,stretched
10.84084084084084,101.92905820034345,MaMi.CoDi,mami.codi.m.1.t.3.h.3.l.-2.r.950,periodicity,#664433,stretched
10.855855855855856,101.87373377789919,MaMi.CoDi,mami.codi.m.1.t.3.h.3.l.-2.r.950,periodicity,#664433,stretched
10.87087087087087,101.8191663868743,MaMi.CoDi,mami.codi.m.1.t.3.h.3.l.-2.r.950,periodicity,#664433,stretched
10.885885885885886,101.76611403130386,MaMi.CoDi,mami.codi.m.1.t.3.h.3.l.-2.r.950,periodicity,#664433,stretched
10.9009009009009,101.71530784373759,MaMi.CoDi,mami.codi.m.1.t.3.h.3.l.-2.r.950,periodicity,#664433,stretched
10.915915915915916,101.66743921988119,MaMi.CoDi,mami.codi.m.1.t.3.h.3.l.-2.r.950,periodicity,#664433,stretched
10.93093093093093,101.62314751891152,MaMi.CoDi,mami.codi.m.1.t.3.h.3.l.-2.r.950,periodicity,#664433,stretched
10.945945945945946,101.58300857211643,MaMi.CoDi,mami.codi.m.1.t.3.h.3.l.-2.r.950,periodicity,#664433,stretched
10.96096096096096,101.54752424018781,MaMi.CoDi,mami.codi.m.1.t.3.h.3.l.-2.r.950,periodicity,#664433,stretched
10.975975975975976,101.51711325272562,MaMi.CoDi,mami.codi.m.1.t.3.h.3.l.-2.r.950,periodicity,#664433,stretched
10.99099099099099,101.4921035509309,MaMi.CoDi,mami.codi.m.1.t.3.h.3.l.-2.r.950,periodicity,#664433,stretched
11.006006006006006,101.47272633487817,MaMi.CoDi,mami.codi.m.1.t.3.h.3.l.-2.r.950,periodicity,#664433,stretched
11.02102102102102,101.45911198937603,MaMi.CoDi,mami.codi.m.1.t.3.h.3.l.-2.r.950,periodicity,#664433,stretched
11.036036036036036,101.45128802691491,MaMi.CoDi,mami.codi.m.1.t.3.h.3.l.-2.r.950,periodicity,#664433,stretched
11.05105105105105,101.44917914286796,MaMi.CoDi,mami.codi.m.1.t.3.h.3.l.-2.r.950,periodicity,#664433,stretched
11.066066066066066,101.45260942783118,MaMi.CoDi,mami.codi.m.1.t.3.h.3.l.-2.r.950,periodicity,#664433,stretched
11.08108108108108,101.46130672627882,MaMi.CoDi,mami.codi.m.1.t.3.h.3.l.-2.r.950,periodicity,#664433,stretched
11.096096096096096,101.47490907156246,MaMi.CoDi,mami.codi.m.1.t.3.h.3.l.-2.r.950,periodicity,#664433,stretched
11.11111111111111,101.49297306709094,MaMi.CoDi,mami.codi.m.1.t.3.h.3.l.-2.r.950,periodicity,#664433,stretched
11.126126126126126,101.51498402489766,MaMi.CoDi,mami.codi.m.1.t.3.h.3.l.-2.r.950,periodicity,#664433,stretched
11.14114114114114,101.54036761836349,MaMi.CoDi,mami.codi.m.1.t.3.h.3.l.-2.r.950,periodicity,#664433,stretched
11.156156156156156,101.5685027581119,MaMi.CoDi,mami.codi.m.1.t.3.h.3.l.-2.r.950,periodicity,#664433,stretched
11.17117117117117,101.59873536118667,MaMi.CoDi,mami.codi.m.1.t.3.h.3.l.-2.r.950,periodicity,#664433,stretched
11.186186186186186,101.63039265527671,MaMi.CoDi,mami.codi.m.1.t.3.h.3.l.-2.r.950,periodicity,#664433,stretched
11.2012012012012,101.66279764313967,MaMi.CoDi,mami.codi.m.1.t.3.h.3.l.-2.r.950,periodicity,#664433,stretched
11.216216216216216,101.69528334804885,MaMi.CoDi,mami.codi.m.1.t.3.h.3.l.-2.r.950,periodicity,#664433,stretched
11.23123123123123,101.72720646904327,MaMi.CoDi,mami.codi.m.1.t.3.h.3.l.-2.r.950,periodicity,#664433,stretched
11.246246246246246,101.75796009441683,MaMi.CoDi,mami.codi.m.1.t.3.h.3.l.-2.r.950,periodicity,#664433,stretched
11.26126126126126,101.78698515222202,MaMi.CoDi,mami.codi.m.1.t.3.h.3.l.-2.r.950,periodicity,#664433,stretched
11.276276276276276,101.81378031620612,MaMi.CoDi,mami.codi.m.1.t.3.h.3.l.-2.r.950,periodicity,#664433,stretched
11.29129129129129,101.83791013291665,MaMi.CoDi,mami.codi.m.1.t.3.h.3.l.-2.r.950,periodicity,#664433,stretched
11.306306306306306,101.85901118899372,MaMi.CoDi,mami.codi.m.1.t.3.h.3.l.-2.r.950,periodicity,#664433,stretched
11.32132132132132,101.87679619512298,MaMi.CoDi,mami.codi.m.1.t.3.h.3.l.-2.r.950,periodicity,#664433,stretched
11.336336336336336,101.89105592306703,MaMi.CoDi,mami.codi.m.1.t.3.h.3.l.-2.r.950,periodicity,#664433,stretched
11.35135135135135,101.90165899301608,MaMi.CoDi,mami.codi.m.1.t.3.h.3.l.-2.r.950,periodicity,#664433,stretched
11.366366366366366,101.90854956869104,MaMi.CoDi,mami.codi.m.1.t.3.h.3.l.-2.r.950,periodicity,#664433,stretched
11.381381381381381,101.91174307583682,MaMi.CoDi,mami.codi.m.1.t.3.h.3.l.-2.r.950,periodicity,#664433,stretched
11.396396396396396,101.91132011463391,MaMi.CoDi,mami.codi.m.1.t.3.h.3.l.-2.r.950,periodicity,#664433,stretched
11.411411411411411,101.90741878688969,MaMi.CoDi,mami.codi.m.1.t.3.h.3.l.-2.r.950,periodicity,#664433,stretched
11.426426426426426,101.90022570341492,MaMi.CoDi,mami.codi.m.1.t.3.h.3.l.-2.r.950,periodicity,#664433,stretched
11.441441441441441,101.88996597450779,MaMi.CoDi,mami.codi.m.1.t.3.h.3.l.-2.r.950,periodicity,#664433,stretched
11.456456456456456,101.87689251574757,MaMi.CoDi,mami.codi.m.1.t.3.h.3.l.-2.r.950,periodicity,#664433,stretched
11.471471471471471,101.86127502116166,MaMi.CoDi,mami.codi.m.1.t.3.h.3.l.-2.r.950,periodicity,#664433,stretched
11.486486486486486,101.84338896522684,MaMi.CoDi,mami.codi.m.1.t.3.h.3.l.-2.r.950,periodicity,#664433,stretched
11.501501501501501,101.82350499321382,MaMi.CoDi,mami.codi.m.1.t.3.h.3.l.-2.r.950,periodicity,#664433,stretched
11.516516516516516,101.80187904554516,MaMi.CoDi,mami.codi.m.1.t.3.h.3.l.-2.r.950,periodicity,#664433,stretched
11.531531531531531,101.77874353592081,MaMi.CoDi,mami.codi.m.1.t.3.h.3.l.-2.r.950,periodicity,#664433,stretched
11.546546546546546,101.75429986534776,MaMi.CoDi,mami.codi.m.1.t.3.h.3.l.-2.r.950,periodicity,#664433,stretched
11.561561561561561,101.72871250577879,MaMi.CoDi,mami.codi.m.1.t.3.h.3.l.-2.r.950,periodicity,#664433,stretched
11.576576576576576,101.70210482936187,MaMi.CoDi,mami.codi.m.1.t.3.h.3.l.-2.r.950,periodicity,#664433,stretched
11.591591591591591,101.67455679440968,MaMi.CoDi,mami.codi.m.1.t.3.h.3.l.-2.r.950,periodicity,#664433,stretched
11.606606606606606,101.64610452977834,MaMi.CoDi,mami.codi.m.1.t.3.h.3.l.-2.r.950,periodicity,#664433,stretched
11.621621621621621,101.61674178839242,MaMi.CoDi,mami.codi.m.1.t.3.h.3.l.-2.r.950,periodicity,#664433,stretched
11.636636636636636,101.58642317144947,MaMi.CoDi,mami.codi.m.1.t.3.h.3.l.-2.r.950,periodicity,#664433,stretched
11.651651651651651,101.55506896064868,MaMi.CoDi,mami.codi.m.1.t.3.h.3.l.-2.r.950,periodicity,#664433,stretched
11.666666666666666,101.52257133971847,MaMi.CoDi,mami.codi.m.1.t.3.h.3.l.-2.r.950,periodicity,#664433,stretched
11.681681681681681,101.48880174121743,MaMi.CoDi,mami.codi.m.1.t.3.h.3.l.-2.r.950,periodicity,#664433,stretched
11.696696696696696,101.4536190221195,MaMi.CoDi,mami.codi.m.1.t.3.h.3.l.-2.r.950,periodicity,#664433,stretched
11.711711711711711,101.41687815332747,MaMi.CoDi,mami.codi.m.1.t.3.h.3.l.-2.r.950,periodicity,#664433,stretched
11.726726726726726,101.37843910440228,MaMi.CoDi,mami.codi.m.1.t.3.h.3.l.-2.r.950,periodicity,#664433,stretched
11.741741741741741,101.33817561491114,MaMi.CoDi,mami.codi.m.1.t.3.h.3.l.-2.r.950,periodicity,#664433,stretched
11.756756756756756,101.29598356652005,MaMi.CoDi,mami.codi.m.1.t.3.h.3.l.-2.r.950,periodicity,#664433,stretched
11.771771771771771,101.25178870313341,MaMi.CoDi,mami.codi.m.1.t.3.h.3.l.-2.r.950,periodicity,#664433,stretched
11.786786786786786,101.20555348730443,MaMi.CoDi,mami.codi.m.1.t.3.h.3.l.-2.r.950,periodicity,#664433,stretched
11.801801801801801,101.1572829267147,MaMi.CoDi,mami.codi.m.1.t.3.h.3.l.-2.r.950,periodicity,#664433,stretched
11.816816816816816,101.10702925160786,MaMi.CoDi,mami.codi.m.1.t.3.h.3.l.-2.r.950,periodicity,#664433,stretched
11.831831831831831,101.05489536960279,MaMi.CoDi,mami.codi.m.1.t.3.h.3.l.-2.r.950,periodicity,#664433,stretched
11.846846846846846,101.0010370657396,MaMi.CoDi,mami.codi.m.1.t.3.h.3.l.-2.r.950,periodicity,#664433,stretched
11.861861861861861,100.94566395086589,MaMi.CoDi,mami.codi.m.1.t.3.h.3.l.-2.r.950,periodicity,#664433,stretched
11.876876876876876,100.88903918931466,MaMi.CoDi,mami.codi.m.1.t.3.h.3.l.-2.r.950,periodicity,#664433,stretched
11.891891891891891,100.83147805676924,MaMi.CoDi,mami.codi.m.1.t.3.h.3.l.-2.r.950,periodicity,#664433,stretched
11.906906906906906,100.77334539162734,MaMi.CoDi,mami.codi.m.1.t.3.h.3.l.-2.r.950,periodicity,#664433,stretched
11.921921921921921,100.71505200912597,MaMi.CoDi,mami.codi.m.1.t.3.h.3.l.-2.r.950,periodicity,#664433,stretched
11.936936936936936,100.6570501486434,MaMi.CoDi,mami.codi.m.1.t.3.h.3.l.-2.r.950,periodicity,#664433,stretched
11.951951951951951,100.59982802300978,MaMi.CoDi,mami.codi.m.1.t.3.h.3.l.-2.r.950,periodicity,#664433,stretched
11.966966966966966,100.54390353652647,MaMi.CoDi,mami.codi.m.1.t.3.h.3.l.-2.r.950,periodicity,#664433,stretched
11.981981981981981,100.48981723788181,MaMi.CoDi,mami.codi.m.1.t.3.h.3.l.-2.r.950,periodicity,#664433,stretched
11.996996996996996,100.43812457704922,MaMi.CoDi,mami.codi.m.1.t.3.h.3.l.-2.r.950,periodicity,#664433,stretched
12.012012012012011,100.38938754293656,MaMi.CoDi,mami.codi.m.1.t.3.h.3.l.-2.r.950,periodicity,#664433,stretched
12.027027027027026,100.34416577169465,MaMi.CoDi,mami.codi.m.1.t.3.h.3.l.-2.r.950,periodicity,#664433,stretched
12.042042042042041,100.30300723417089,MaMi.CoDi,mami.codi.m.1.t.3.h.3.l.-2.r.950,periodicity,#664433,stretched
12.057057057057056,100.26643863427613,MaMi.CoDi,mami.codi.m.1.t.3.h.3.l.-2.r.950,periodicity,#664433,stretched
12.072072072072071,100.23495567656474,MaMi.CoDi,mami.codi.m.1.t.3.h.3.l.-2.r.950,periodicity,#664433,stretched
12.087087087087086,100.2090133891367,MaMi.CoDi,mami.codi.m.1.t.3.h.3.l.-2.r.950,periodicity,#664433,stretched
12.102102102102101,100.18901671465142,MaMi.CoDi,mami.codi.m.1.t.3.h.3.l.-2.r.950,periodicity,#664433,stretched
12.117117117117116,100.17531160520655,MaMi.CoDi,mami.codi.m.1.t.3.h.3.l.-2.r.950,periodicity,#664433,stretched
12.132132132132131,100.16817687348212,MaMi.CoDi,mami.codi.m.1.t.3.h.3.l.-2.r.950,periodicity,#664433,stretched
12.147147147147146,100.16781706051047,MaMi.CoDi,mami.codi.m.1.t.3.h.3.l.-2.r.950,periodicity,#664433,stretched
12.162162162162161,100.17435657773254,MaMi.CoDi,mami.codi.m.1.t.3.h.3.l.-2.r.950,periodicity,#664433,stretched
12.177177177177176,100.18783536624163,MaMi.CoDi,mami.codi.m.1.t.3.h.3.l.-2.r.950,periodicity,#664433,stretched
12.192192192192191,100.20820628856609,MaMi.CoDi,mami.codi.m.1.t.3.h.3.l.-2.r.950,periodicity,#664433,stretched
12.207207207207206,100.23533442803462,MaMi.CoDi,mami.codi.m.1.t.3.h.3.l.-2.r.950,periodicity,#664433,stretched
12.222222222222221,100.26899841850512,MaMi.CoDi,mami.codi.m.1.t.3.h.3.l.-2.r.950,periodicity,#664433,stretched
12.237237237237236,100.30889386454372,MaMi.CoDi,mami.codi.m.1.t.3.h.3.l.-2.r.950,periodicity,#664433,stretched
12.252252252252251,100.35463884126132,MaMi.CoDi,mami.codi.m.1.t.3.h.3.l.-2.r.950,periodicity,#664433,stretched
12.267267267267266,100.40578138670352,MaMi.CoDi,mami.codi.m.1.t.3.h.3.l.-2.r.950,periodicity,#664433,stretched
12.282282282282281,100.4618088212118,MaMi.CoDi,mami.codi.m.1.t.3.h.3.l.-2.r.950,periodicity,#664433,stretched
12.297297297297296,100.52215865103645,MaMi.CoDi,mami.codi.m.1.t.3.h.3.l.-2.r.950,periodicity,#664433,stretched
12.312312312312311,100.58623074135569,MaMi.CoDi,mami.codi.m.1.t.3.h.3.l.-2.r.950,periodicity,#664433,stretched
12.327327327327327,100.6534003803842,MaMi.CoDi,mami.codi.m.1.t.3.h.3.l.-2.r.950,periodicity,#664433,stretched
12.342342342342342,100.72303180489887,MaMi.CoDi,mami.codi.m.1.t.3.h.3.l.-2.r.950,periodicity,#664433,stretched
12.357357357357357,100.79449172135077,MaMi.CoDi,mami.codi.m.1.t.3.h.3.l.-2.r.950,periodicity,#664433,stretched
12.372372372372372,100.86716233842768,MaMi.CoDi,mami.codi.m.1.t.3.h.3.l.-2.r.950,periodicity,#664433,stretched
12.387387387387387,100.9404534283938,MaMi.CoDi,mami.codi.m.1.t.3.h.3.l.-2.r.950,periodicity,#664433,stretched
12.402402402402402,101.01381295702696,MaMi.CoDi,mami.codi.m.1.t.3.h.3.l.-2.r.950,periodicity,#664433,stretched
12.417417417417417,101.08673586577376,MaMi.CoDi,mami.codi.m.1.t.3.h.3.l.-2.r.950,periodicity,#664433,stretched
12.432432432432432,101.15877065426156,MaMi.CoDi,mami.codi.m.1.t.3.h.3.l.-2.r.950,periodicity,#664433,stretched
12.447447447447447,101.22952349485924,MaMi.CoDi,mami.codi.m.1.t.3.h.3.l.-2.r.950,periodicity,#664433,stretched
12.462462462462462,101.29865971092369,MaMi.CoDi,mami.codi.m.1.t.3.h.3.l.-2.r.950,periodicity,#664433,stretched
12.477477477477477,101.36590256302283,MaMi.CoDi,mami.codi.m.1.t.3.h.3.l.-2.r.950,periodicity,#664433,stretched
12.492492492492492,101.43102940823186,MaMi.CoDi,mami.codi.m.1.t.3.h.3.l.-2.r.950,periodicity,#664433,stretched
12.507507507507507,101.49386542123297,MaMi.CoDi,mami.codi.m.1.t.3.h.3.l.-2.r.950,periodicity,#664433,stretched
12.522522522522522,101.55427518655871,MaMi.CoDi,mami.codi.m.1.t.3.h.3.l.-2.r.950,periodicity,#664433,stretched
12.537537537537537,101.61215258274737,MaMi.CoDi,mami.codi.m.1.t.3.h.3.l.-2.r.950,periodicity,#664433,stretched
12.552552552552552,101.6674094753317,MaMi.CoDi,mami.codi.m.1.t.3.h.3.l.-2.r.950,periodicity,#664433,stretched
12.567567567567567,101.71996381071071,MaMi.CoDi,mami.codi.m.1.t.3.h.3.l.-2.r.950,periodicity,#664433,stretched
12.582582582582582,101.76972775206865,MaMi.CoDi,mami.codi.m.1.t.3.h.3.l.-2.r.950,periodicity,#664433,stretched
12.597597597597597,101.81659651767097,MaMi.CoDi,mami.codi.m.1.t.3.h.3.l.-2.r.950,periodicity,#664433,stretched
12.612612612612612,101.86043856855503,MaMi.CoDi,mami.codi.m.1.t.3.h.3.l.-2.r.950,periodicity,#664433,stretched
12.627627627627627,101.90108774593567,MaMi.CoDi,mami.codi.m.1.t.3.h.3.l.-2.r.950,periodicity,#664433,stretched
12.642642642642642,101.93833787947902,MaMi.CoDi,mami.codi.m.1.t.3.h.3.l.-2.r.950,periodicity,#664433,stretched
12.657657657657657,101.97194027869723,MaMi.CoDi,mami.codi.m.1.t.3.h.3.l.-2.r.950,periodicity,#664433,stretched
12.672672672672672,102.0016043856722,MaMi.CoDi,mami.codi.m.1.t.3.h.3.l.-2.r.950,periodicity,#664433,stretched
12.687687687687687,102.0270017142867,MaMi.CoDi,mami.codi.m.1.t.3.h.3.l.-2.r.950,periodicity,#664433,stretched
12.702702702702702,102.04777303666124,MaMi.CoDi,mami.codi.m.1.t.3.h.3.l.-2.r.950,periodicity,#664433,stretched
12.717717717717717,102.063538609993,MaMi.CoDi,mami.codi.m.1.t.3.h.3.l.-2.r.950,periodicity,#664433,stretched
12.732732732732732,102.07391107538653,MaMi.CoDi,mami.codi.m.1.t.3.h.3.l.-2.r.950,periodicity,#664433,stretched
12.747747747747747,102.07851051337448,MaMi.CoDi,mami.codi.m.1.t.3.h.3.l.-2.r.950,periodicity,#664433,stretched
12.762762762762762,102.0769810169061,MaMi.CoDi,mami.codi.m.1.t.3.h.3.l.-2.r.950,periodicity,#664433,stretched
12.777777777777777,102.06900804870324,MaMi.CoDi,mami.codi.m.1.t.3.h.3.l.-2.r.950,periodicity,#664433,stretched
12.792792792792792,102.05433579163824,MaMi.CoDi,mami.codi.m.1.t.3.h.3.l.-2.r.950,periodicity,#664433,stretched
12.807807807807807,102.0327836817343,MaMi.CoDi,mami.codi.m.1.t.3.h.3.l.-2.r.950,periodicity,#664433,stretched
12.822822822822824,102.00426133499388,MaMi.CoDi,mami.codi.m.1.t.3.h.3.l.-2.r.950,periodicity,#664433,stretched
12.837837837837839,101.96878114065053,MaMi.CoDi,mami.codi.m.1.t.3.h.3.l.-2.r.950,periodicity,#664433,stretched
12.852852852852854,101.92646789156431,MaMi.CoDi,mami.codi.m.1.t.3.h.3.l.-2.r.950,periodicity,#664433,stretched
12.867867867867869,101.8775649521685,MaMi.CoDi,mami.codi.m.1.t.3.h.3.l.-2.r.950,periodicity,#664433,stretched
12.882882882882884,101.82243661878437,MaMi.CoDi,mami.codi.m.1.t.3.h.3.l.-2.r.950,periodicity,#664433,stretched
12.897897897897899,101.76156649803968,MaMi.CoDi,mami.codi.m.1.t.3.h.3.l.-2.r.950,periodicity,#664433,stretched
12.912912912912914,101.69555190753267,MaMi.CoDi,mami.codi.m.1.t.3.h.3.l.-2.r.950,periodicity,#664433,stretched
12.927927927927929,101.62509447948712,MaMi.CoDi,mami.codi.m.1.t.3.h.3.l.-2.r.950,periodicity,#664433,stretched
12.942942942942944,101.55098731387812,MaMi.CoDi,mami.codi.m.1.t.3.h.3.l.-2.r.950,periodicity,#664433,stretched
12.957957957957959,101.4740991741144,MaMi.CoDi,mami.codi.m.1.t.3.h.3.l.-2.r.950,periodicity,#664433,stretched
12.972972972972974,101.39535633878157,MaMi.CoDi,mami.codi.m.1.t.3.h.3.l.-2.r.950,periodicity,#664433,stretched
12.987987987987989,101.3157228117315,MaMi.CoDi,mami.codi.m.1.t.3.h.3.l.-2.r.950,periodicity,#664433,stretched
13.003003003003004,101.23617964632189,MaMi.CoDi,mami.codi.m.1.t.3.h.3.l.-2.r.950,periodicity,#664433,stretched
13.018018018018019,101.15770415623999,MaMi.CoDi,mami.codi.m.1.t.3.h.3.l.-2.r.950,periodicity,#664433,stretched
13.033033033033034,101.08124976544882,MaMi.CoDi,mami.codi.m.1.t.3.h.3.l.-2.r.950,periodicity,#664433,stretched
13.048048048048049,101.00772719561513,MaMi.CoDi,mami.codi.m.1.t.3.h.3.l.-2.r.950,periodicity,#664433,stretched
13.063063063063064,100.9379876048767,MaMi.CoDi,mami.codi.m.1.t.3.h.3.l.-2.r.950,periodicity,#664433,stretched
13.078078078078079,100.87280818229542,MaMi.CoDi,mami.codi.m.1.t.3.h.3.l.-2.r.950,periodicity,#664433,stretched
13.093093093093094,100.81288057422783,MaMi.CoDi,mami.codi.m.1.t.3.h.3.l.-2.r.950,periodicity,#664433,stretched
13.108108108108109,100.75880237913871,MaMi.CoDi,mami.codi.m.1.t.3.h.3.l.-2.r.950,periodicity,#664433,stretched
13.123123123123124,100.71107180338932,MaMi.CoDi,mami.codi.m.1.t.3.h.3.l.-2.r.950,periodicity,#664433,stretched
13.138138138138139,100.67008542938389,MaMi.CoDi,mami.codi.m.1.t.3.h.3.l.-2.r.950,periodicity,#664433,stretched
13.153153153153154,100.63613891581588,MaMi.CoDi,mami.codi.m.1.t.3.h.3.l.-2.r.950,periodicity,#664433,stretched
13.168168168168169,100.60943033347375,MaMi.CoDi,mami.codi.m.1.t.3.h.3.l.-2.r.950,periodicity,#664433,stretched
13.183183183183184,100.59006574393348,MaMi.CoDi,mami.codi.m.1.t.3.h.3.l.-2.r.950,periodicity,#664433,stretched
13.198198198198199,100.57806655609045,MaMi.CoDi,mami.codi.m.1.t.3.h.3.l.-2.r.950,periodicity,#664433,stretched
13.213213213213214,100.57337814911867,MaMi.CoDi,mami.codi.m.1.t.3.h.3.l.-2.r.950,periodicity,#664433,stretched
13.228228228228229,100.57587923101846,MaMi.CoDi,mami.codi.m.1.t.3.h.3.l.-2.r.950,periodicity,#664433,stretched
13.243243243243244,100.58539140905168,MaMi.CoDi,mami.codi.m.1.t.3.h.3.l.-2.r.950,periodicity,#664433,stretched
13.258258258258259,100.60168848044951,MaMi.CoDi,mami.codi.m.1.t.3.h.3.l.-2.r.950,periodicity,#664433,stretched
13.273273273273274,100.62450500617977,MaMi.CoDi,mami.codi.m.1.t.3.h.3.l.-2.r.950,periodicity,#664433,stretched
13.288288288288289,100.65354380371507,MaMi.CoDi,mami.codi.m.1.t.3.h.3.l.-2.r.950,periodicity,#664433,stretched
13.303303303303304,100.68848208243315,MaMi.CoDi,mami.codi.m.1.t.3.h.3.l.-2.r.950,periodicity,#664433,stretched
13.318318318318319,100.72897604281277,MaMi.CoDi,mami.codi.m.1.t.3.h.3.l.-2.r.950,periodicity,#664433,stretched
13.333333333333334,100.77466386304575,MaMi.CoDi,mami.codi.m.1.t.3.h.3.l.-2.r.950,periodicity,#664433,stretched
13.348348348348349,100.82516709908039,MaMi.CoDi,mami.codi.m.1.t.3.h.3.l.-2.r.950,periodicity,#664433,stretched
13.363363363363364,100.88009062168446,MaMi.CoDi,mami.codi.m.1.t.3.h.3.l.-2.r.950,periodicity,#664433,stretched
13.378378378378379,100.93902130240629,MaMi.CoDi,mami.codi.m.1.t.3.h.3.l.-2.r.950,periodicity,#664433,stretched
13.393393393393394,101.0015257354176,MaMi.CoDi,mami.codi.m.1.t.3.h.3.l.-2.r.950,periodicity,#664433,stretched
13.408408408408409,101.06714734085718,MaMi.CoDi,mami.codi.m.1.t.3.h.3.l.-2.r.950,periodicity,#664433,stretched
13.423423423423424,101.13540323497024,MaMi.CoDi,mami.codi.m.1.t.3.h.3.l.-2.r.950,periodicity,#664433,stretched
13.438438438438439,101.20578127137148,MaMi.CoDi,mami.codi.m.1.t.3.h.3.l.-2.r.950,periodicity,#664433,stretched
13.453453453453454,101.27773765541063,MaMi.CoDi,mami.codi.m.1.t.3.h.3.l.-2.r.950,periodicity,#664433,stretched
13.468468468468469,101.35069551003807,MaMi.CoDi,mami.codi.m.1.t.3.h.3.l.-2.r.950,periodicity,#664433,stretched
13.483483483483484,101.42404472785653,MaMi.CoDi,mami.codi.m.1.t.3.h.3.l.-2.r.950,periodicity,#664433,stretched
13.498498498498499,101.4971433821718,MaMi.CoDi,mami.codi.m.1.t.3.h.3.l.-2.r.950,periodicity,#664433,stretched
13.513513513513514,101.56932089262995,MaMi.CoDi,mami.codi.m.1.t.3.h.3.l.-2.r.950,periodicity,#664433,stretched
13.528528528528529,101.63988305196597,MaMi.CoDi,mami.codi.m.1.t.3.h.3.l.-2.r.950,periodicity,#664433,stretched
13.543543543543544,101.70811892359146,MaMi.CoDi,mami.codi.m.1.t.3.h.3.l.-2.r.950,periodicity,#664433,stretched
13.558558558558559,101.77330951975969,MaMi.CoDi,mami.codi.m.1.t.3.h.3.l.-2.r.950,periodicity,#664433,stretched
13.573573573573574,101.83473807161238,MaMi.CoDi,mami.codi.m.1.t.3.h.3.l.-2.r.950,periodicity,#664433,stretched
13.588588588588589,101.89170161034247,MaMi.CoDi,mami.codi.m.1.t.3.h.3.l.-2.r.950,periodicity,#664433,stretched
13.603603603603604,101.94352349756959,MaMi.CoDi,mami.codi.m.1.t.3.h.3.l.-2.r.950,periodicity,#664433,stretched
13.618618618618619,101.98956647700831,MaMi.CoDi,mami.codi.m.1.t.3.h.3.l.-2.r.950,periodicity,#664433,stretched
13.633633633633634,102.02924577213027,MaMi.CoDi,mami.codi.m.1.t.3.h.3.l.-2.r.950,periodicity,#664433,stretched
13.64864864864865,102.06204172849341,MaMi.CoDi,mami.codi.m.1.t.3.h.3.l.-2.r.950,periodicity,#664433,stretched
13.663663663663664,102.08751149644614,MaMi.CoDi,mami.codi.m.1.t.3.h.3.l.-2.r.950,periodicity,#664433,stretched
13.67867867867868,102.10529927062535,MaMi.CoDi,mami.codi.m.1.t.3.h.3.l.-2.r.950,periodicity,#664433,stretched
13.693693693693694,102.11514464652954,MaMi.CoDi,mami.codi.m.1.t.3.h.3.l.-2.r.950,periodicity,#664433,stretched
13.70870870870871,102.11688871974376,MaMi.CoDi,mami.codi.m.1.t.3.h.3.l.-2.r.950,periodicity,#664433,stretched
13.723723723723724,102.11047763735436,MaMi.CoDi,mami.codi.m.1.t.3.h.3.l.-2.r.950,periodicity,#664433,stretched
13.73873873873874,102.09596340996883,MaMi.CoDi,mami.codi.m.1.t.3.h.3.l.-2.r.950,periodicity,#664433,stretched
13.753753753753754,102.07350190200044,MaMi.CoDi,mami.codi.m.1.t.3.h.3.l.-2.r.950,periodicity,#664433,stretched
13.76876876876877,102.04334803244019,MaMi.CoDi,mami.codi.m.1.t.3.h.3.l.-2.r.950,periodicity,#664433,stretched
13.783783783783784,102.005848332805,MaMi.CoDi,mami.codi.m.1.t.3.h.3.l.-2.r.950,periodicity,#664433,stretched
13.7987987987988,101.96143111796906,MaMi.CoDi,mami.codi.m.1.t.3.h.3.l.-2.r.950,periodicity,#664433,stretched
13.813813813813814,101.9105946239943,MaMi.CoDi,mami.codi.m.1.t.3.h.3.l.-2.r.950,periodicity,#664433,stretched
13.82882882882883,101.85389355030918,MaMi.CoDi,mami.codi.m.1.t.3.h.3.l.-2.r.950,periodicity,#664433,stretched
13.843843843843844,101.7919245077791,MaMi.CoDi,mami.codi.m.1.t.3.h.3.l.-2.r.950,periodicity,#664433,stretched
13.85885885885886,101.7253109164943,MaMi.CoDi,mami.codi.m.1.t.3.h.3.l.-2.r.950,periodicity,#664433,stretched
13.873873873873874,101.6546879156386,MaMi.CoDi,mami.codi.m.1.t.3.h.3.l.-2.r.950,periodicity,#664433,stretched
13.88888888888889,101.58068784195721,MaMi.CoDi,mami.codi.m.1.t.3.h.3.l.-2.r.950,periodicity,#664433,stretched
13.903903903903904,101.50392680358259,MaMi.CoDi,mami.codi.m.1.t.3.h.3.l.-2.r.950,periodicity,#664433,stretched
13.91891891891892,101.42499282392943,MaMi.CoDi,mami.codi.m.1.t.3.h.3.l.-2.r.950,periodicity,#664433,stretched
13.933933933933934,101.34443595861661,MaMi.CoDi,mami.codi.m.1.t.3.h.3.l.-2.r.950,periodicity,#664433,stretched
13.94894894894895,101.26276070035884,MaMi.CoDi,mami.codi.m.1.t.3.h.3.l.-2.r.950,periodicity,#664433,stretched
13.963963963963964,101.18042088659045,MaMi.CoDi,mami.codi.m.1.t.3.h.3.l.-2.r.950,periodicity,#664433,stretched
13.97897897897898,101.09781721674989,MaMi.CoDi,mami.codi.m.1.t.3.h.3.l.-2.r.950,periodicity,#664433,stretched
13.993993993993994,101.01529737541166,MaMi.CoDi,mami.codi.m.1.t.3.h.3.l.-2.r.950,periodicity,#664433,stretched
14.00900900900901,100.93315864851745,MaMi.CoDi,mami.codi.m.1.t.3.h.3.l.-2.r.950,periodicity,#664433,stretched
14.024024024024024,100.85165281733082,MaMi.CoDi,mami.codi.m.1.t.3.h.3.l.-2.r.950,periodicity,#664433,stretched
14.03903903903904,100.77099302251494,MaMi.CoDi,mami.codi.m.1.t.3.h.3.l.-2.r.950,periodicity,#664433,stretched
14.054054054054054,100.69136221243609,MaMi.CoDi,mami.codi.m.1.t.3.h.3.l.-2.r.950,periodicity,#664433,stretched
14.06906906906907,100.61292272827505,MaMi.CoDi,mami.codi.m.1.t.3.h.3.l.-2.r.950,periodicity,#664433,stretched
14.084084084084084,100.5358265358748,MaMi.CoDi,mami.codi.m.1.t.3.h.3.l.-2.r.950,periodicity,#664433,stretched
14.0990990990991,100.46022559173124,MaMi.CoDi,mami.codi.m.1.t.3.h.3.l.-2.r.950,periodicity,#664433,stretched
14.114114114114114,100.38628182862603,MaMi.CoDi,mami.codi.m.1.t.3.h.3.l.-2.r.950,periodicity,#664433,stretched
14.12912912912913,100.31417626475738,MaMi.CoDi,mami.codi.m.1.t.3.h.3.l.-2.r.950,periodicity,#664433,stretched
14.144144144144144,100.24411677781487,MaMi.CoDi,mami.codi.m.1.t.3.h.3.l.-2.r.950,periodicity,#664433,stretched
14.15915915915916,100.1763441405178,MaMi.CoDi,mami.codi.m.1.t.3.h.3.l.-2.r.950,periodicity,#664433,stretched
14.174174174174174,100.1111359844303,MaMi.CoDi,mami.codi.m.1.t.3.h.3.l.-2.r.950,periodicity,#664433,stretched
14.18918918918919,100.0488084416197,MaMi.CoDi,mami.codi.m.1.t.3.h.3.l.-2.r.950,periodicity,#664433,stretched
14.204204204204204,99.98971530583574,MaMi.CoDi,mami.codi.m.1.t.3.h.3.l.-2.r.950,periodicity,#664433,stretched
14.21921921921922,99.9342446530329,MaMi.CoDi,mami.codi.m.1.t.3.h.3.l.-2.r.950,periodicity,#664433,stretched
14.234234234234235,99.88281296175487,MaMi.CoDi,mami.codi.m.1.t.3.h.3.l.-2.r.950,periodicity,#664433,stretched
14.24924924924925,99.8358568736789,MaMi.CoDi,mami.codi.m.1.t.3.h.3.l.-2.r.950,periodicity,#664433,stretched
14.264264264264265,99.79382283005864,MaMi.CoDi,mami.codi.m.1.t.3.h.3.l.-2.r.950,periodicity,#664433,stretched
14.27927927927928,99.75715490768258,MaMi.CoDi,mami.codi.m.1.t.3.h.3.l.-2.r.950,periodicity,#664433,stretched
14.294294294294295,99.72628125526838,MaMi.CoDi,mami.codi.m.1.t.3.h.3.l.-2.r.950,periodicity,#664433,stretched
14.30930930930931,99.70159959528762,MaMi.CoDi,mami.codi.m.1.t.3.h.3.l.-2.r.950,periodicity,#664433,stretched
14.324324324324325,99.68346230473809,MaMi.CoDi,mami.codi.m.1.t.3.h.3.l.-2.r.950,periodicity,#664433,stretched
14.33933933933934,99.6721616194924,MaMi.CoDi,mami.codi.m.1.t.3.h.3.l.-2.r.950,periodicity,#664433,stretched
14.354354354354355,99.66791551914325,MaMi.CoDi,mami.codi.m.1.t.3.h.3.l.-2.r.950,periodicity,#664433,stretched
14.36936936936937,99.67085484184615,MaMi.CoDi,mami.codi.m.1.t.3.h.3.l.-2.r.950,periodicity,#664433,stretched
14.384384384384385,99.68101215119563,MaMi.CoDi,mami.codi.m.1.t.3.h.3.l.-2.r.950,periodicity,#664433,stretched
14.3993993993994,99.69831282991721,MaMi.CoDi,mami.codi.m.1.t.3.h.3.l.-2.r.950,periodicity,#664433,stretched
14.414414414414415,99.72256880899543,MaMi.CoDi,mami.codi.m.1.t.3.h.3.l.-2.r.950,periodicity,#664433,stretched
14.42942942942943,99.75347525736919,MaMi.CoDi,mami.codi.m.1.t.3.h.3.l.-2.r.950,periodicity,#664433,stretched
14.444444444444445,99.79061045876468,MaMi.CoDi,mami.codi.m.1.t.3.h.3.l.-2.r.950,periodicity,#664433,stretched
14.45945945945946,99.83343899163461,MaMi.CoDi,mami.codi.m.1.t.3.h.3.l.-2.r.950,periodicity,#664433,stretched
14.474474474474475,99.8813182092411,MaMi.CoDi,mami.codi.m.1.t.3.h.3.l.-2.r.950,periodicity,#664433,stretched
14.48948948948949,99.9335078941021,MaMi.CoDi,mami.codi.m.1.t.3.h.3.l.-2.r.950,periodicity,#664433,stretched
14.504504504504505,99.98918283930223,MaMi.CoDi,mami.codi.m.1.t.3.h.3.l.-2.r.950,periodicity,#664433,stretched
14.51951951951952,100.04744799397204,MaMi.CoDi,mami.codi.m.1.t.3.h.3.l.-2.r.950,periodicity,#664433,stretched
14.534534534534535,100.10735570715208,MaMi.CoDi,mami.codi.m.1.t.3.h.3.l.-2.r.950,periodicity,#664433,stretched
14.54954954954955,100.16792451871595,MaMi.CoDi,mami.codi.m.1.t.3.h.3.l.-2.r.950,periodicity,#664433,stretched
14.564564564564565,100.22815888294292,MaMi.CoDi,mami.codi.m.1.t.3.h.3.l.-2.r.950,periodicity,#664433,stretched
14.57957957957958,100.28706917371213,MaMi.CoDi,mami.codi.m.1.t.3.h.3.l.-2.r.950,periodicity,#664433,stretched
14.594594594594595,100.34369131279355,MaMi.CoDi,mami.codi.m.1.t.3.h.3.l.-2.r.950,periodicity,#664433,stretched
14.60960960960961,100.3971053853907,MaMi.CoDi,mami.codi.m.1.t.3.h.3.l.-2.r.950,periodicity,#664433,stretched
14.624624624624625,100.4464526591066,MaMi.CoDi,mami.codi.m.1.t.3.h.3.l.-2.r.950,periodicity,#664433,stretched
14.63963963963964,100.49095050111275,MaMi.CoDi,mami.codi.m.1.t.3.h.3.l.-2.r.950,periodicity,#664433,stretched
14.654654654654655,100.52990478895279,MaMi.CoDi,mami.codi.m.1.t.3.h.3.l.-2.r.950,periodicity,#664433,stretched
14.66966966966967,100.56271952704348,MaMi.CoDi,mami.codi.m.1.t.3.h.3.l.-2.r.950,periodicity,#664433,stretched
14.684684684684685,100.58890350646773,MaMi.CoDi,mami.codi.m.1.t.3.h.3.l.-2.r.950,periodicity,#664433,stretched
14.6996996996997,100.60807397252273,MaMi.CoDi,mami.codi.m.1.t.3.h.3.l.-2.r.950,periodicity,#664433,stretched
14.714714714714715,100.61995738533342,MaMi.CoDi,mami.codi.m.1.t.3.h.3.l.-2.r.950,periodicity,#664433,stretched
14.72972972972973,100.6243874670365,MaMi.CoDi,mami.codi.m.1.t.3.h.3.l.-2.r.950,periodicity,#664433,stretched
14.744744744744745,100.62130081928254,MaMi.CoDi,mami.codi.m.1.t.3.h.3.l.-2.r.950,periodicity,#664433,stretched
14.75975975975976,100.61073046338947,MaMi.CoDi,mami.codi.m.1.t.3.h.3.l.-2.r.950,periodicity,#664433,stretched
14.774774774774775,100.59279770054822,MaMi.CoDi,mami.codi.m.1.t.3.h.3.l.-2.r.950,periodicity,#664433,stretched
14.78978978978979,100.56770271094278,MaMi.CoDi,mami.codi.m.1.t.3.h.3.l.-2.r.950,periodicity,#664433,stretched
14.804804804804805,100.5357143100452,MaMi.CoDi,mami.codi.m.1.t.3.h.3.l.-2.r.950,periodicity,#664433,stretched
14.81981981981982,100.49715926050243,MaMi.CoDi,mami.codi.m.1.t.3.h.3.l.-2.r.950,periodicity,#664433,stretched
14.834834834834835,100.45241150267225,MaMi.CoDi,mami.codi.m.1.t.3.h.3.l.-2.r.950,periodicity,#664433,stretched
14.84984984984985,100.40188162019004,MaMi.CoDi,mami.codi.m.1.t.3.h.3.l.-2.r.950,periodicity,#664433,stretched
14.864864864864865,100.34600680323287,MaMi.CoDi,mami.codi.m.1.t.3.h.3.l.-2.r.950,periodicity,#664433,stretched
14.87987987987988,100.28524151540196,MaMi.CoDi,mami.codi.m.1.t.3.h.3.l.-2.r.950,periodicity,#664433,stretched
14.894894894894895,100.22004901387385,MaMi.CoDi,mami.codi.m.1.t.3.h.3.l.-2.r.950,periodicity,#664433,stretched
14.90990990990991,100.15089381948758,MaMi.CoDi,mami.codi.m.1.t.3.h.3.l.-2.r.950,periodicity,#664433,stretched
14.924924924924925,100.07823518582721,MaMi.CoDi,mami.codi.m.1.t.3.h.3.l.-2.r.950,periodicity,#664433,stretched
14.93993993993994,100.00252157545594,MaMi.CoDi,mami.codi.m.1.t.3.h.3.l.-2.r.950,periodicity,#664433,stretched
14.954954954954955,99.92418611793043,MaMi.CoDi,mami.codi.m.1.t.3.h.3.l.-2.r.950,periodicity,#664433,stretched
14.96996996996997,99.84364299817096,MaMi.CoDi,mami.codi.m.1.t.3.h.3.l.-2.r.950,periodicity,#664433,stretched
14.984984984984985,99.76128470483417,MaMi.CoDi,mami.codi.m.1.t.3.h.3.l.-2.r.950,periodicity,#664433,stretched
15,99.6774800558745,MaMi.CoDi,mami.codi.m.1.t.3.h.3.l.-2.r.950,periodicity,#664433,stretched
