interval,output,model_id,model_label,model_theory,model_colour,timbre_label
0,96.4698093978762,MaMi.CoDi,mami.codi.m.1.t.3.h.1.l.-1.r.750,periodicity,#664433,compressed
0.015015015015015015,96.40159632673976,MaMi.CoDi,mami.codi.m.1.t.3.h.1.l.-1.r.750,periodicity,#664433,compressed
0.03003003003003003,96.33694881008292,MaMi.CoDi,mami.codi.m.1.t.3.h.1.l.-1.r.750,periodicity,#664433,compressed
0.04504504504504504,96.27607241121684,MaMi.CoDi,mami.codi.m.1.t.3.h.1.l.-1.r.750,periodicity,#664433,compressed
0.06006006006006006,96.21916270606326,MaMi.CoDi,mami.codi.m.1.t.3.h.1.l.-1.r.750,periodicity,#664433,compressed
0.07507507507507508,96.16640169040093,MaMi.CoDi,mami.codi.m.1.t.3.h.1.l.-1.r.750,periodicity,#664433,compressed
0.09009009009009009,96.11795391788728,MaMi.CoDi,mami.codi.m.1.t.3.h.1.l.-1.r.750,periodicity,#664433,compressed
0.10510510510510511,96.07396241926608,MaMi.CoDi,mami.codi.m.1.t.3.h.1.l.-1.r.750,periodicity,#664433,compressed
0.12012012012012012,96.03454446982336,MaMi.CoDi,mami.codi.m.1.t.3.h.1.l.-1.r.750,periodicity,#664433,compressed
0.13513513513513514,95.9997872895337,MaMi.CoDi,mami.codi.m.1.t.3.h.1.l.-1.r.750,periodicity,#664433,compressed
0.15015015015015015,95.96974377772545,MaMi.CoDi,mami.codi.m.1.t.3.h.1.l.-1.r.750,periodicity,#664433,compressed
0.16516516516516516,95.94442840057798,MaMi.CoDi,mami.codi.m.1.t.3.h.1.l.-1.r.750,periodicity,#664433,compressed
0.18018018018018017,95.92381336426905,MaMi.CoDi,mami.codi.m.1.t.3.h.1.l.-1.r.750,periodicity,#664433,compressed
0.19519519519519518,95.90782521795091,MaMi.CoDi,mami.codi.m.1.t.3.h.1.l.-1.r.750,periodicity,#664433,compressed
0.21021021021021022,95.89634203772594,MaMi.CoDi,mami.codi.m.1.t.3.h.1.l.-1.r.750,periodicity,#664433,compressed
0.22522522522522523,95.88919134426331,MaMi.CoDi,mami.codi.m.1.t.3.h.1.l.-1.r.750,periodicity,#664433,compressed
0.24024024024024024,95.88614890164318,MaMi.CoDi,mami.codi.m.1.t.3.h.1.l.-1.r.750,periodicity,#664433,compressed
0.2552552552552553,95.88693853273567,MaMi.CoDi,mami.codi.m.1.t.3.h.1.l.-1.r.750,periodicity,#664433,compressed
0.2702702702702703,95.89123306658207,MaMi.CoDi,mami.codi.m.1.t.3.h.1.l.-1.r.750,periodicity,#664433,compressed
0.2852852852852853,95.89865650603477,MaMi.CoDi,mami.codi.m.1.t.3.h.1.l.-1.r.750,periodicity,#664433,compressed
0.3003003003003003,95.9087874700318,MaMi.CoDi,mami.codi.m.1.t.3.h.1.l.-1.r.750,periodicity,#664433,compressed
0.3153153153153153,95.92116392561404,MaMi.CoDi,mami.codi.m.1.t.3.h.1.l.-1.r.750,periodicity,#664433,compressed
0.3303303303303303,95.93528918187548,MaMi.CoDi,mami.codi.m.1.t.3.h.1.l.-1.r.750,periodicity,#664433,compressed
0.34534534534534533,95.95063907363416,MaMi.CoDi,mami.codi.m.1.t.3.h.1.l.-1.r.750,periodicity,#664433,compressed
0.36036036036036034,95.96667021901902,MaMi.CoDi,mami.codi.m.1.t.3.h.1.l.-1.r.750,periodicity,#664433,compressed
0.37537537537537535,95.982829194752,MaMi.CoDi,mami.codi.m.1.t.3.h.1.l.-1.r.750,periodicity,#664433,compressed
0.39039039039039036,95.99856243769666,MaMi.CoDi,mami.codi.m.1.t.3.h.1.l.-1.r.750,periodicity,#664433,compressed
0.40540540540540543,96.0133266529134,MaMi.CoDi,mami.codi.m.1.t.3.h.1.l.-1.r.750,periodicity,#664433,compressed
0.42042042042042044,96.0265994880213,MaMi.CoDi,mami.codi.m.1.t.3.h.1.l.-1.r.750,periodicity,#664433,compressed
0.43543543543543545,96.03789022145274,MaMi.CoDi,mami.codi.m.1.t.3.h.1.l.-1.r.750,periodicity,#664433,compressed
0.45045045045045046,96.0467502078908,MaMi.CoDi,mami.codi.m.1.t.3.h.1.l.-1.r.750,periodicity,#664433,compressed
0.46546546546546547,96.05278282686847,MaMi.CoDi,mami.codi.m.1.t.3.h.1.l.-1.r.750,periodicity,#664433,compressed
0.4804804804804805,96.05565268891911,MaMi.CoDi,mami.codi.m.1.t.3.h.1.l.-1.r.750,periodicity,#664433,compressed
0.4954954954954955,96.05509386632333,MaMi.CoDi,mami.codi.m.1.t.3.h.1.l.-1.r.750,periodicity,#664433,compressed
0.5105105105105106,96.05091693107444,MaMi.CoDi,mami.codi.m.1.t.3.h.1.l.-1.r.750,periodicity,#664433,compressed
0.5255255255255256,96.04301460012131,MaMi.CoDi,mami.codi.m.1.t.3.h.1.l.-1.r.750,periodicity,#664433,compressed
0.5405405405405406,96.03136580673038,MaMi.CoDi,mami.codi.m.1.t.3.h.1.l.-1.r.750,periodicity,#664433,compressed
0.5555555555555556,96.01603803697016,MaMi.CoDi,mami.codi.m.1.t.3.h.1.l.-1.r.750,periodicity,#664433,compressed
0.5705705705705706,95.9971877924758,MaMi.CoDi,mami.codi.m.1.t.3.h.1.l.-1.r.750,periodicity,#664433,compressed
0.5855855855855856,95.97505906588201,MaMi.CoDi,mami.codi.m.1.t.3.h.1.l.-1.r.750,periodicity,#664433,compressed
0.6006006006006006,95.94997974497835,MaMi.CoDi,mami.codi.m.1.t.3.h.1.l.-1.r.750,periodicity,#664433,compressed
0.6156156156156156,95.92235589714522,MaMi.CoDi,mami.codi.m.1.t.3.h.1.l.-1.r.750,periodicity,#664433,compressed
0.6306306306306306,95.8926639281331,MaMi.CoDi,mami.codi.m.1.t.3.h.1.l.-1.r.750,periodicity,#664433,compressed
0.6456456456456456,95.86144065946537,MaMi.CoDi,mami.codi.m.1.t.3.h.1.l.-1.r.750,periodicity,#664433,compressed
0.6606606606606606,95.82927142663239,MaMi.CoDi,mami.codi.m.1.t.3.h.1.l.-1.r.750,periodicity,#664433,compressed
0.6756756756756757,95.79677636497222,MaMi.CoDi,mami.codi.m.1.t.3.h.1.l.-1.r.750,periodicity,#664433,compressed
0.6906906906906907,95.76459511989161,MaMi.CoDi,mami.codi.m.1.t.3.h.1.l.-1.r.750,periodicity,#664433,compressed
0.7057057057057057,95.73337029021901,MaMi.CoDi,mami.codi.m.1.t.3.h.1.l.-1.r.750,periodicity,#664433,compressed
0.7207207207207207,95.70372998452343,MaMi.CoDi,mami.codi.m.1.t.3.h.1.l.-1.r.750,periodicity,#664433,compressed
0.7357357357357357,95.67626993615376,MaMi.CoDi,mami.codi.m.1.t.3.h.1.l.-1.r.750,periodicity,#664433,compressed
0.7507507507507507,95.65153567921429,MaMi.CoDi,mami.codi.m.1.t.3.h.1.l.-1.r.750,periodicity,#664433,compressed
0.7657657657657657,95.63000533030849,MaMi.CoDi,mami.codi.m.1.t.3.h.1.l.-1.r.750,periodicity,#664433,compressed
0.7807807807807807,95.61207354566538,MaMi.CoDi,mami.codi.m.1.t.3.h.1.l.-1.r.750,periodicity,#664433,compressed
0.7957957957957957,95.59803722680518,MaMi.CoDi,mami.codi.m.1.t.3.h.1.l.-1.r.750,periodicity,#664433,compressed
0.8108108108108109,95.58808352778196,MaMi.CoDi,mami.codi.m.1.t.3.h.1.l.-1.r.750,periodicity,#664433,compressed
0.8258258258258259,95.58228067202475,MaMi.CoDi,mami.codi.m.1.t.3.h.1.l.-1.r.750,periodicity,#664433,compressed
0.8408408408408409,95.58057201696744,MaMi.CoDi,mami.codi.m.1.t.3.h.1.l.-1.r.750,periodicity,#664433,compressed
0.8558558558558559,95.58277371156606,MaMi.CoDi,mami.codi.m.1.t.3.h.1.l.-1.r.750,periodicity,#664433,compressed
0.8708708708708709,95.58857617838895,MaMi.CoDi,mami.codi.m.1.t.3.h.1.l.-1.r.750,periodicity,#664433,compressed
0.8858858858858859,95.59754952246648,MaMi.CoDi,mami.codi.m.1.t.3.h.1.l.-1.r.750,periodicity,#664433,compressed
0.9009009009009009,95.60915282887993,MaMi.CoDi,mami.codi.m.1.t.3.h.1.l.-1.r.750,periodicity,#664433,compressed
0.9159159159159159,95.62274716629729,MaMi.CoDi,mami.codi.m.1.t.3.h.1.l.-1.r.750,periodicity,#664433,compressed
0.9309309309309309,95.63761197099663,MaMi.CoDi,mami.codi.m.1.t.3.h.1.l.-1.r.750,periodicity,#664433,compressed
0.9459459459459459,95.65296435212755,MaMi.CoDi,mami.codi.m.1.t.3.h.1.l.-1.r.750,periodicity,#664433,compressed
0.960960960960961,95.66798074052241,MaMi.CoDi,mami.codi.m.1.t.3.h.1.l.-1.r.750,periodicity,#664433,compressed
0.975975975975976,95.68182020612615,MaMi.CoDi,mami.codi.m.1.t.3.h.1.l.-1.r.750,periodicity,#664433,compressed
0.990990990990991,95.69364869791309,MaMi.CoDi,mami.codi.m.1.t.3.h.1.l.-1.r.750,periodicity,#664433,compressed
1.006006006006006,95.70266341854749,MaMi.CoDi,mami.codi.m.1.t.3.h.1.l.-1.r.750,periodicity,#664433,compressed
1.021021021021021,95.70811653615037,MaMi.CoDi,mami.codi.m.1.t.3.h.1.l.-1.r.750,periodicity,#664433,compressed
1.0360360360360361,95.70933745782595,MaMi.CoDi,mami.codi.m.1.t.3.h.1.l.-1.r.750,periodicity,#664433,compressed
1.0510510510510511,95.70575294298729,MaMi.CoDi,mami.codi.m.1.t.3.h.1.l.-1.r.750,periodicity,#664433,compressed
1.0660660660660661,95.69690441635305,MaMi.CoDi,mami.codi.m.1.t.3.h.1.l.-1.r.750,periodicity,#664433,compressed
1.0810810810810811,95.68246194674549,MaMi.CoDi,mami.codi.m.1.t.3.h.1.l.-1.r.750,periodicity,#664433,compressed
1.0960960960960962,95.66223448335906,MaMi.CoDi,mami.codi.m.1.t.3.h.1.l.-1.r.750,periodicity,#664433,compressed
1.1111111111111112,95.6361760800101,MaMi.CoDi,mami.codi.m.1.t.3.h.1.l.-1.r.750,periodicity,#664433,compressed
1.1261261261261262,95.6043879835418,MaMi.CoDi,mami.codi.m.1.t.3.h.1.l.-1.r.750,periodicity,#664433,compressed
1.1411411411411412,95.56711660845122,MaMi.CoDi,mami.codi.m.1.t.3.h.1.l.-1.r.750,periodicity,#664433,compressed
1.1561561561561562,95.52474755952193,MaMi.CoDi,mami.codi.m.1.t.3.h.1.l.-1.r.750,periodicity,#664433,compressed
1.1711711711711712,95.47779599195626,MaMi.CoDi,mami.codi.m.1.t.3.h.1.l.-1.r.750,periodicity,#664433,compressed
1.1861861861861862,95.42689370919103,MaMi.CoDi,mami.codi.m.1.t.3.h.1.l.-1.r.750,periodicity,#664433,compressed
1.2012012012012012,95.37277348828256,MaMi.CoDi,mami.codi.m.1.t.3.h.1.l.-1.r.750,periodicity,#664433,compressed
1.2162162162162162,95.31625118873438,MaMi.CoDi,mami.codi.m.1.t.3.h.1.l.-1.r.750,periodicity,#664433,compressed
1.2312312312312312,95.25820624146034,MaMi.CoDi,mami.codi.m.1.t.3.h.1.l.-1.r.750,periodicity,#664433,compressed
1.2462462462462462,95.19956113008641,MaMi.CoDi,mami.codi.m.1.t.3.h.1.l.-1.r.750,periodicity,#664433,compressed
1.2612612612612613,95.14126046811616,MaMi.CoDi,mami.codi.m.1.t.3.h.1.l.-1.r.750,periodicity,#664433,compressed
1.2762762762762763,95.0842502448236,MaMi.CoDi,mami.codi.m.1.t.3.h.1.l.-1.r.750,periodicity,#664433,compressed
1.2912912912912913,95.02945776327289,MaMi.CoDi,mami.codi.m.1.t.3.h.1.l.-1.r.750,periodicity,#664433,compressed
1.3063063063063063,94.97777272945487,MaMi.CoDi,mami.codi.m.1.t.3.h.1.l.-1.r.750,periodicity,#664433,compressed
1.3213213213213213,94.93002987653718,MaMi.CoDi,mami.codi.m.1.t.3.h.1.l.-1.r.750,periodicity,#664433,compressed
1.3363363363363363,94.88699342716518,MaMi.CoDi,mami.codi.m.1.t.3.h.1.l.-1.r.750,periodicity,#664433,compressed
1.3513513513513513,94.84934361415459,MaMi.CoDi,mami.codi.m.1.t.3.h.1.l.-1.r.750,periodicity,#664433,compressed
1.3663663663663663,94.81766539991519,MaMi.CoDi,mami.codi.m.1.t.3.h.1.l.-1.r.750,periodicity,#664433,compressed
1.3813813813813813,94.79243946125814,MaMi.CoDi,mami.codi.m.1.t.3.h.1.l.-1.r.750,periodicity,#664433,compressed
1.3963963963963963,94.77403544178527,MaMi.CoDi,mami.codi.m.1.t.3.h.1.l.-1.r.750,periodicity,#664433,compressed
1.4114114114114114,94.7627074209999,MaMi.CoDi,mami.codi.m.1.t.3.h.1.l.-1.r.750,periodicity,#664433,compressed
1.4264264264264264,94.75859150880677,MaMi.CoDi,mami.codi.m.1.t.3.h.1.l.-1.r.750,periodicity,#664433,compressed
1.4414414414414414,94.7617054464777,MaMi.CoDi,mami.codi.m.1.t.3.h.1.l.-1.r.750,periodicity,#664433,compressed
1.4564564564564564,94.7719500797991,MaMi.CoDi,mami.codi.m.1.t.3.h.1.l.-1.r.750,periodicity,#664433,compressed
1.4714714714714714,94.7891125655568,MaMi.CoDi,mami.codi.m.1.t.3.h.1.l.-1.r.750,periodicity,#664433,compressed
1.4864864864864864,94.81287117659822,MaMi.CoDi,mami.codi.m.1.t.3.h.1.l.-1.r.750,periodicity,#664433,compressed
1.5015015015015014,94.84280158081772,MaMi.CoDi,mami.codi.m.1.t.3.h.1.l.-1.r.750,periodicity,#664433,compressed
1.5165165165165164,94.87838448259761,MaMi.CoDi,mami.codi.m.1.t.3.h.1.l.-1.r.750,periodicity,#664433,compressed
1.5315315315315314,94.9190145285028,MaMi.CoDi,mami.codi.m.1.t.3.h.1.l.-1.r.750,periodicity,#664433,compressed
1.5465465465465464,94.96401038954477,MaMi.CoDi,mami.codi.m.1.t.3.h.1.l.-1.r.750,periodicity,#664433,compressed
1.5615615615615615,95.01262593762534,MaMi.CoDi,mami.codi.m.1.t.3.h.1.l.-1.r.750,periodicity,#664433,compressed
1.5765765765765765,95.06406243199781,MaMi.CoDi,mami.codi.m.1.t.3.h.1.l.-1.r.750,periodicity,#664433,compressed
1.5915915915915915,95.11748162156591,MaMi.CoDi,mami.codi.m.1.t.3.h.1.l.-1.r.750,periodicity,#664433,compressed
1.6066066066066067,95.172019650287,MaMi.CoDi,mami.codi.m.1.t.3.h.1.l.-1.r.750,periodicity,#664433,compressed
1.6216216216216217,95.22680162640319,MaMi.CoDi,mami.codi.m.1.t.3.h.1.l.-1.r.750,periodicity,#664433,compressed
1.6366366366366367,95.28095668309085,MaMi.CoDi,mami.codi.m.1.t.3.h.1.l.-1.r.750,periodicity,#664433,compressed
1.6516516516516517,95.3336333205809,MaMi.CoDi,mami.codi.m.1.t.3.h.1.l.-1.r.750,periodicity,#664433,compressed
1.6666666666666667,95.38401478060096,MaMi.CoDi,mami.codi.m.1.t.3.h.1.l.-1.r.750,periodicity,#664433,compressed
1.6816816816816818,95.43133416636375,MaMi.CoDi,mami.codi.m.1.t.3.h.1.l.-1.r.750,periodicity,#664433,compressed
1.6966966966966968,95.474888988597,MaMi.CoDi,mami.codi.m.1.t.3.h.1.l.-1.r.750,periodicity,#664433,compressed
1.7117117117117118,95.51405479363657,MaMi.CoDi,mami.codi.m.1.t.3.h.1.l.-1.r.750,periodicity,#664433,compressed
1.7267267267267268,95.54829751633359,MaMi.CoDi,mami.codi.m.1.t.3.h.1.l.-1.r.750,periodicity,#664433,compressed
1.7417417417417418,95.57718420092777,MaMi.CoDi,mami.codi.m.1.t.3.h.1.l.-1.r.750,periodicity,#664433,compressed
1.7567567567567568,95.60039174877635,MaMi.CoDi,mami.codi.m.1.t.3.h.1.l.-1.r.750,periodicity,#664433,compressed
1.7717717717717718,95.61771338372066,MaMi.CoDi,mami.codi.m.1.t.3.h.1.l.-1.r.750,periodicity,#664433,compressed
1.7867867867867868,95.6290625737281,MaMi.CoDi,mami.codi.m.1.t.3.h.1.l.-1.r.750,periodicity,#664433,compressed
1.8018018018018018,95.6344742101086,MaMi.CoDi,mami.codi.m.1.t.3.h.1.l.-1.r.750,periodicity,#664433,compressed
1.8168168168168168,95.6341029209646,MaMi.CoDi,mami.codi.m.1.t.3.h.1.l.-1.r.750,periodicity,#664433,compressed
1.8318318318318318,95.62821848068586,MaMi.CoDi,mami.codi.m.1.t.3.h.1.l.-1.r.750,periodicity,#664433,compressed
1.8468468468468469,95.61719836867816,MaMi.CoDi,mami.codi.m.1.t.3.h.1.l.-1.r.750,periodicity,#664433,compressed
1.8618618618618619,95.60151762412298,MaMi.CoDi,mami.codi.m.1.t.3.h.1.l.-1.r.750,periodicity,#664433,compressed
1.8768768768768769,95.58173623524762,MaMi.CoDi,mami.codi.m.1.t.3.h.1.l.-1.r.750,periodicity,#664433,compressed
1.8918918918918919,95.55848438717287,MaMi.CoDi,mami.codi.m.1.t.3.h.1.l.-1.r.750,periodicity,#664433,compressed
1.906906906906907,95.5324459680817,MaMi.CoDi,mami.codi.m.1.t.3.h.1.l.-1.r.750,periodicity,#664433,compressed
1.921921921921922,95.5043407958361,MaMi.CoDi,mami.codi.m.1.t.3.h.1.l.-1.r.750,periodicity,#664433,compressed
1.936936936936937,95.47490607354763,MaMi.CoDi,mami.codi.m.1.t.3.h.1.l.-1.r.750,periodicity,#664433,compressed
1.951951951951952,95.4448776110511,MaMi.CoDi,mami.codi.m.1.t.3.h.1.l.-1.r.750,periodicity,#664433,compressed
1.966966966966967,95.41497135861796,MaMi.CoDi,mami.codi.m.1.t.3.h.1.l.-1.r.750,periodicity,#664433,compressed
1.981981981981982,95.38586578933288,MaMi.CoDi,mami.codi.m.1.t.3.h.1.l.-1.r.750,periodicity,#664433,compressed
1.996996996996997,95.35818563788939,MaMi.CoDi,mami.codi.m.1.t.3.h.1.l.-1.r.750,periodicity,#664433,compressed
2.012012012012012,95.332487457471,MaMi.CoDi,mami.codi.m.1.t.3.h.1.l.-1.r.750,periodicity,#664433,compressed
2.027027027027027,95.30924739479269,MaMi.CoDi,mami.codi.m.1.t.3.h.1.l.-1.r.750,periodicity,#664433,compressed
2.042042042042042,95.28885150880305,MaMi.CoDi,mami.codi.m.1.t.3.h.1.l.-1.r.750,periodicity,#664433,compressed
2.057057057057057,95.27158887382824,MaMi.CoDi,mami.codi.m.1.t.3.h.1.l.-1.r.750,periodicity,#664433,compressed
2.0720720720720722,95.2576476162559,MaMi.CoDi,mami.codi.m.1.t.3.h.1.l.-1.r.750,periodicity,#664433,compressed
2.0870870870870872,95.24711393846519,MaMi.CoDi,mami.codi.m.1.t.3.h.1.l.-1.r.750,periodicity,#664433,compressed
2.1021021021021022,95.23997408795282,MaMi.CoDi,mami.codi.m.1.t.3.h.1.l.-1.r.750,periodicity,#664433,compressed
2.1171171171171173,95.23611913672056,MaMi.CoDi,mami.codi.m.1.t.3.h.1.l.-1.r.750,periodicity,#664433,compressed
2.1321321321321323,95.23535234906929,MaMi.CoDi,mami.codi.m.1.t.3.h.1.l.-1.r.750,periodicity,#664433,compressed
2.1471471471471473,95.23739883783334,MaMi.CoDi,mami.codi.m.1.t.3.h.1.l.-1.r.750,periodicity,#664433,compressed
2.1621621621621623,95.24191714233413,MaMi.CoDi,mami.codi.m.1.t.3.h.1.l.-1.r.750,periodicity,#664433,compressed
2.1771771771771773,95.24851230807198,MaMi.CoDi,mami.codi.m.1.t.3.h.1.l.-1.r.750,periodicity,#664433,compressed
2.1921921921921923,95.25675001013481,MaMi.CoDi,mami.codi.m.1.t.3.h.1.l.-1.r.750,periodicity,#664433,compressed
2.2072072072072073,95.2661712406801,MaMi.CoDi,mami.codi.m.1.t.3.h.1.l.-1.r.750,periodicity,#664433,compressed
2.2222222222222223,95.27630707628452,MaMi.CoDi,mami.codi.m.1.t.3.h.1.l.-1.r.750,periodicity,#664433,compressed
2.2372372372372373,95.28669305350049,MaMi.CoDi,mami.codi.m.1.t.3.h.1.l.-1.r.750,periodicity,#664433,compressed
2.2522522522522523,95.29688271001959,MaMi.CoDi,mami.codi.m.1.t.3.h.1.l.-1.r.750,periodicity,#664433,compressed
2.2672672672672673,95.30645989318205,MaMi.CoDi,mami.codi.m.1.t.3.h.1.l.-1.r.750,periodicity,#664433,compressed
2.2822822822822824,95.31504949534342,MaMi.CoDi,mami.codi.m.1.t.3.h.1.l.-1.r.750,periodicity,#664433,compressed
2.2972972972972974,95.32232634438473,MaMi.CoDi,mami.codi.m.1.t.3.h.1.l.-1.r.750,periodicity,#664433,compressed
2.3123123123123124,95.32802205452334,MaMi.CoDi,mami.codi.m.1.t.3.h.1.l.-1.r.750,periodicity,#664433,compressed
2.3273273273273274,95.33192972426357,MaMi.CoDi,mami.codi.m.1.t.3.h.1.l.-1.r.750,periodicity,#664433,compressed
2.3423423423423424,95.33390645130964,MaMi.CoDi,mami.codi.m.1.t.3.h.1.l.-1.r.750,periodicity,#664433,compressed
2.3573573573573574,95.33387371499006,MaMi.CoDi,mami.codi.m.1.t.3.h.1.l.-1.r.750,periodicity,#664433,compressed
2.3723723723723724,95.33181575177831,MaMi.CoDi,mami.codi.m.1.t.3.h.1.l.-1.r.750,periodicity,#664433,compressed
2.3873873873873874,95.3277761157022,MaMi.CoDi,mami.codi.m.1.t.3.h.1.l.-1.r.750,periodicity,#664433,compressed
2.4024024024024024,95.32185267019499,MaMi.CoDi,mami.codi.m.1.t.3.h.1.l.-1.r.750,periodicity,#664433,compressed
2.4174174174174174,95.31419129922847,MaMi.CoDi,mami.codi.m.1.t.3.h.1.l.-1.r.750,periodicity,#664433,compressed
2.4324324324324325,95.30497865212496,MaMi.CoDi,mami.codi.m.1.t.3.h.1.l.-1.r.750,periodicity,#664433,compressed
2.4474474474474475,95.29443424781434,MaMi.CoDi,mami.codi.m.1.t.3.h.1.l.-1.r.750,periodicity,#664433,compressed
2.4624624624624625,95.28280226086197,MaMi.CoDi,mami.codi.m.1.t.3.h.1.l.-1.r.750,periodicity,#664433,compressed
2.4774774774774775,95.27034329449005,MaMi.CoDi,mami.codi.m.1.t.3.h.1.l.-1.r.750,periodicity,#664433,compressed
2.4924924924924925,95.25732641690723,MaMi.CoDi,mami.codi.m.1.t.3.h.1.l.-1.r.750,periodicity,#664433,compressed
2.5075075075075075,95.24402169895983,MaMi.CoDi,mami.codi.m.1.t.3.h.1.l.-1.r.750,periodicity,#664433,compressed
2.5225225225225225,95.23069344622701,MaMi.CoDi,mami.codi.m.1.t.3.h.1.l.-1.r.750,periodicity,#664433,compressed
2.5375375375375375,95.21759427019514,MaMi.CoDi,mami.codi.m.1.t.3.h.1.l.-1.r.750,periodicity,#664433,compressed
2.5525525525525525,95.20496009404869,MaMi.CoDi,mami.codi.m.1.t.3.h.1.l.-1.r.750,periodicity,#664433,compressed
2.5675675675675675,95.19300614171374,MaMi.CoDi,mami.codi.m.1.t.3.h.1.l.-1.r.750,periodicity,#664433,compressed
2.5825825825825826,95.18192391647293,MaMi.CoDi,mami.codi.m.1.t.3.h.1.l.-1.r.750,periodicity,#664433,compressed
2.5975975975975976,95.17187913965633,MaMi.CoDi,mami.codi.m.1.t.3.h.1.l.-1.r.750,periodicity,#664433,compressed
2.6126126126126126,95.16301059186966,MaMi.CoDi,mami.codi.m.1.t.3.h.1.l.-1.r.750,periodicity,#664433,compressed
2.6276276276276276,95.15542977956468,MaMi.CoDi,mami.codi.m.1.t.3.h.1.l.-1.r.750,periodicity,#664433,compressed
2.6426426426426426,95.14922133844179,MaMi.CoDi,mami.codi.m.1.t.3.h.1.l.-1.r.750,periodicity,#664433,compressed
2.6576576576576576,95.14444408151385,MaMi.CoDi,mami.codi.m.1.t.3.h.1.l.-1.r.750,periodicity,#664433,compressed
2.6726726726726726,95.1411326024737,MaMi.CoDi,mami.codi.m.1.t.3.h.1.l.-1.r.750,periodicity,#664433,compressed
2.6876876876876876,95.13929935267504,MaMi.CoDi,mami.codi.m.1.t.3.h.1.l.-1.r.750,periodicity,#664433,compressed
2.7027027027027026,95.13893712071062,MaMi.CoDi,mami.codi.m.1.t.3.h.1.l.-1.r.750,periodicity,#664433,compressed
2.7177177177177176,95.14002185531575,MaMi.CoDi,mami.codi.m.1.t.3.h.1.l.-1.r.750,periodicity,#664433,compressed
2.7327327327327327,95.14251578323936,MaMi.CoDi,mami.codi.m.1.t.3.h.1.l.-1.r.750,periodicity,#664433,compressed
2.7477477477477477,95.1463707821897,MaMi.CoDi,mami.codi.m.1.t.3.h.1.l.-1.r.750,periodicity,#664433,compressed
2.7627627627627627,95.15153197363847,MaMi.CoDi,mami.codi.m.1.t.3.h.1.l.-1.r.750,periodicity,#664433,compressed
2.7777777777777777,95.15794150031184,MaMi.CoDi,mami.codi.m.1.t.3.h.1.l.-1.r.750,periodicity,#664433,compressed
2.7927927927927927,95.16554244825464,MaMi.CoDi,mami.codi.m.1.t.3.h.1.l.-1.r.750,periodicity,#664433,compressed
2.8078078078078077,95.17428286357219,MaMi.CoDi,mami.codi.m.1.t.3.h.1.l.-1.r.750,periodicity,#664433,compressed
2.8228228228228227,95.18411980002739,MaMi.CoDi,mami.codi.m.1.t.3.h.1.l.-1.r.750,periodicity,#664433,compressed
2.8378378378378377,95.19502331670445,MaMi.CoDi,mami.codi.m.1.t.3.h.1.l.-1.r.750,periodicity,#664433,compressed
2.8528528528528527,95.20698032643155,MaMi.CoDi,mami.codi.m.1.t.3.h.1.l.-1.r.750,periodicity,#664433,compressed
2.8678678678678677,95.21999817730102,MaMi.CoDi,mami.codi.m.1.t.3.h.1.l.-1.r.750,periodicity,#664433,compressed
2.8828828828828827,95.23410783329649,MaMi.CoDi,mami.codi.m.1.t.3.h.1.l.-1.r.750,periodicity,#664433,compressed
2.8978978978978978,95.24936650753213,MaMi.CoDi,mami.codi.m.1.t.3.h.1.l.-1.r.750,periodicity,#664433,compressed
2.9129129129129128,95.26585959462312,MaMi.CoDi,mami.codi.m.1.t.3.h.1.l.-1.r.750,periodicity,#664433,compressed
2.9279279279279278,95.28370174861597,MaMi.CoDi,mami.codi.m.1.t.3.h.1.l.-1.r.750,periodicity,#664433,compressed
2.942942942942943,95.30303696075018,MaMi.CoDi,mami.codi.m.1.t.3.h.1.l.-1.r.750,periodicity,#664433,compressed
2.957957957957958,95.32403750764897,MaMi.CoDi,mami.codi.m.1.t.3.h.1.l.-1.r.750,periodicity,#664433,compressed
2.972972972972973,95.34690166544185,MaMi.CoDi,mami.codi.m.1.t.3.h.1.l.-1.r.750,periodicity,#664433,compressed
2.987987987987988,95.37185011834715,MaMi.CoDi,mami.codi.m.1.t.3.h.1.l.-1.r.750,periodicity,#664433,compressed
3.003003003003003,95.39912103049014,MaMi.CoDi,mami.codi.m.1.t.3.h.1.l.-1.r.750,periodicity,#664433,compressed
3.018018018018018,95.42896379581248,MaMi.CoDi,mami.codi.m.1.t.3.h.1.l.-1.r.750,periodicity,#664433,compressed
3.033033033033033,95.46163153113288,MaMi.CoDi,mami.codi.m.1.t.3.h.1.l.-1.r.750,periodicity,#664433,compressed
3.048048048048048,95.49737242972849,MaMi.CoDi,mami.codi.m.1.t.3.h.1.l.-1.r.750,periodicity,#664433,compressed
3.063063063063063,95.53642014505647,MaMi.CoDi,mami.codi.m.1.t.3.h.1.l.-1.r.750,periodicity,#664433,compressed
3.078078078078078,95.57898342418792,MaMi.CoDi,mami.codi.m.1.t.3.h.1.l.-1.r.750,periodicity,#664433,compressed
3.093093093093093,95.62523525600751,MaMi.CoDi,mami.codi.m.1.t.3.h.1.l.-1.r.750,periodicity,#664433,compressed
3.108108108108108,95.67530183818677,MaMi.CoDi,mami.codi.m.1.t.3.h.1.l.-1.r.750,periodicity,#664433,compressed
3.123123123123123,95.72925169759212,MaMi.CoDi,mami.codi.m.1.t.3.h.1.l.-1.r.750,periodicity,#664433,compressed
3.138138138138138,95.78708531960626,MaMi.CoDi,mami.codi.m.1.t.3.h.1.l.-1.r.750,periodicity,#664433,compressed
3.153153153153153,95.848725651706,MaMi.CoDi,mami.codi.m.1.t.3.h.1.l.-1.r.750,periodicity,#664433,compressed
3.168168168168168,95.91400984477443,MaMi.CoDi,mami.codi.m.1.t.3.h.1.l.-1.r.750,periodicity,#664433,compressed
3.183183183183183,95.98268258165767,MaMi.CoDi,mami.codi.m.1.t.3.h.1.l.-1.r.750,periodicity,#664433,compressed
3.198198198198198,96.05439131646615,MaMi.CoDi,mami.codi.m.1.t.3.h.1.l.-1.r.750,periodicity,#664433,compressed
3.2132132132132134,96.12868371045232,MaMi.CoDi,mami.codi.m.1.t.3.h.1.l.-1.r.750,periodicity,#664433,compressed
3.2282282282282284,96.20500750177112,MaMi.CoDi,mami.codi.m.1.t.3.h.1.l.-1.r.750,periodicity,#664433,compressed
3.2432432432432434,96.2827129881378,MaMi.CoDi,mami.codi.m.1.t.3.h.1.l.-1.r.750,periodicity,#664433,compressed
3.2582582582582584,96.36105823475327,MaMi.CoDi,mami.codi.m.1.t.3.h.1.l.-1.r.750,periodicity,#664433,compressed
3.2732732732732734,96.43921704652826,MaMi.CoDi,mami.codi.m.1.t.3.h.1.l.-1.r.750,periodicity,#664433,compressed
3.2882882882882885,96.51628966550422,MaMi.CoDi,mami.codi.m.1.t.3.h.1.l.-1.r.750,periodicity,#664433,compressed
3.3033033033033035,96.59131607353059,MaMi.CoDi,mami.codi.m.1.t.3.h.1.l.-1.r.750,periodicity,#664433,compressed
3.3183183183183185,96.663291698941,MaMi.CoDi,mami.codi.m.1.t.3.h.1.l.-1.r.750,periodicity,#664433,compressed
3.3333333333333335,96.7311852465569,MaMi.CoDi,mami.codi.m.1.t.3.h.1.l.-1.r.750,periodicity,#664433,compressed
3.3483483483483485,96.79395829523284,MaMi.CoDi,mami.codi.m.1.t.3.h.1.l.-1.r.750,periodicity,#664433,compressed
3.3633633633633635,96.85058623881723,MaMi.CoDi,mami.codi.m.1.t.3.h.1.l.-1.r.750,periodicity,#664433,compressed
3.3783783783783785,96.90008008721783,MaMi.CoDi,mami.codi.m.1.t.3.h.1.l.-1.r.750,periodicity,#664433,compressed
3.3933933933933935,96.94150859655169,MaMi.CoDi,mami.codi.m.1.t.3.h.1.l.-1.r.750,periodicity,#664433,compressed
3.4084084084084085,96.97402016322422,MaMi.CoDi,mami.codi.m.1.t.3.h.1.l.-1.r.750,periodicity,#664433,compressed
3.4234234234234235,96.99686389808866,MaMi.CoDi,mami.codi.m.1.t.3.h.1.l.-1.r.750,periodicity,#664433,compressed
3.4384384384384385,97.00940929506608,MaMi.CoDi,mami.codi.m.1.t.3.h.1.l.-1.r.750,periodicity,#664433,compressed
3.4534534534534536,97.01116392482255,MaMi.CoDi,mami.codi.m.1.t.3.h.1.l.-1.r.750,periodicity,#664433,compressed
3.4684684684684686,97.00178861882604,MaMi.CoDi,mami.codi.m.1.t.3.h.1.l.-1.r.750,periodicity,#664433,compressed
3.4834834834834836,96.9811096622564,MaMi.CoDi,mami.codi.m.1.t.3.h.1.l.-1.r.750,periodicity,#664433,compressed
3.4984984984984986,96.9491275850764,MaMi.CoDi,mami.codi.m.1.t.3.h.1.l.-1.r.750,periodicity,#664433,compressed
3.5135135135135136,96.90602222763216,MaMi.CoDi,mami.codi.m.1.t.3.h.1.l.-1.r.750,periodicity,#664433,compressed
3.5285285285285286,96.85215385826116,MaMi.CoDi,mami.codi.m.1.t.3.h.1.l.-1.r.750,periodicity,#664433,compressed
3.5435435435435436,96.78806023267235,MaMi.CoDi,mami.codi.m.1.t.3.h.1.l.-1.r.750,periodicity,#664433,compressed
3.5585585585585586,96.71444960480291,MaMi.CoDi,mami.codi.m.1.t.3.h.1.l.-1.r.750,periodicity,#664433,compressed
3.5735735735735736,96.63218982236967,MaMi.CoDi,mami.codi.m.1.t.3.h.1.l.-1.r.750,periodicity,#664433,compressed
3.5885885885885886,96.54229376293104,MaMi.CoDi,mami.codi.m.1.t.3.h.1.l.-1.r.750,periodicity,#664433,compressed
3.6036036036036037,96.44590148320867,MaMi.CoDi,mami.codi.m.1.t.3.h.1.l.-1.r.750,periodicity,#664433,compressed
3.6186186186186187,96.34425956086822,MaMi.CoDi,mami.codi.m.1.t.3.h.1.l.-1.r.750,periodicity,#664433,compressed
3.6336336336336337,96.23869819930914,MaMi.CoDi,mami.codi.m.1.t.3.h.1.l.-1.r.750,periodicity,#664433,compressed
3.6486486486486487,96.13060673799616,MaMi.CoDi,mami.codi.m.1.t.3.h.1.l.-1.r.750,periodicity,#664433,compressed
3.6636636636636637,96.02140825989419,MaMi.CoDi,mami.codi.m.1.t.3.h.1.l.-1.r.750,periodicity,#664433,compressed
3.6786786786786787,95.91253401087376,MaMi.CoDi,mami.codi.m.1.t.3.h.1.l.-1.r.750,periodicity,#664433,compressed
3.6936936936936937,95.80539834184181,MaMi.CoDi,mami.codi.m.1.t.3.h.1.l.-1.r.750,periodicity,#664433,compressed
3.7087087087087087,95.70137485231905,MaMi.CoDi,mami.codi.m.1.t.3.h.1.l.-1.r.750,periodicity,#664433,compressed
3.7237237237237237,95.60177435503036,MaMi.CoDi,mami.codi.m.1.t.3.h.1.l.-1.r.750,periodicity,#664433,compressed
3.7387387387387387,95.50782519694837,MaMi.CoDi,mami.codi.m.1.t.3.h.1.l.-1.r.750,periodicity,#664433,compressed
3.7537537537537538,95.42065636657847,MaMi.CoDi,mami.codi.m.1.t.3.h.1.l.-1.r.750,periodicity,#664433,compressed
3.7687687687687688,95.34128369473125,MaMi.CoDi,mami.codi.m.1.t.3.h.1.l.-1.r.750,periodicity,#664433,compressed
3.7837837837837838,95.27059932224842,MaMi.CoDi,mami.codi.m.1.t.3.h.1.l.-1.r.750,periodicity,#664433,compressed
3.798798798798799,95.20936446953425,MaMi.CoDi,mami.codi.m.1.t.3.h.1.l.-1.r.750,periodicity,#664433,compressed
3.813813813813814,95.15820540611432,MaMi.CoDi,mami.codi.m.1.t.3.h.1.l.-1.r.750,periodicity,#664433,compressed
3.828828828828829,95.11761239074566,MaMi.CoDi,mami.codi.m.1.t.3.h.1.l.-1.r.750,periodicity,#664433,compressed
3.843843843843844,95.0879412404219,MaMi.CoDi,mami.codi.m.1.t.3.h.1.l.-1.r.750,periodicity,#664433,compressed
3.858858858858859,95.06941709591592,MaMi.CoDi,mami.codi.m.1.t.3.h.1.l.-1.r.750,periodicity,#664433,compressed
3.873873873873874,95.06213988715513,MaMi.CoDi,mami.codi.m.1.t.3.h.1.l.-1.r.750,periodicity,#664433,compressed
3.888888888888889,95.06609096723771,MaMi.CoDi,mami.codi.m.1.t.3.h.1.l.-1.r.750,periodicity,#664433,compressed
3.903903903903904,95.08114038119874,MaMi.CoDi,mami.codi.m.1.t.3.h.1.l.-1.r.750,periodicity,#664433,compressed
3.918918918918919,95.10705426479757,MaMi.CoDi,mami.codi.m.1.t.3.h.1.l.-1.r.750,periodicity,#664433,compressed
3.933933933933934,95.14350192790722,MaMi.CoDi,mami.codi.m.1.t.3.h.1.l.-1.r.750,periodicity,#664433,compressed
3.948948948948949,95.19006226295697,MaMi.CoDi,mami.codi.m.1.t.3.h.1.l.-1.r.750,periodicity,#664433,compressed
3.963963963963964,95.24622922611542,MaMi.CoDi,mami.codi.m.1.t.3.h.1.l.-1.r.750,periodicity,#664433,compressed
3.978978978978979,95.31141626087731,MaMi.CoDi,mami.codi.m.1.t.3.h.1.l.-1.r.750,periodicity,#664433,compressed
3.993993993993994,95.3849596627987,MaMi.CoDi,mami.codi.m.1.t.3.h.1.l.-1.r.750,periodicity,#664433,compressed
4.009009009009009,95.46612101205685,MaMi.CoDi,mami.codi.m.1.t.3.h.1.l.-1.r.750,periodicity,#664433,compressed
4.024024024024024,95.55408891896124,MaMi.CoDi,mami.codi.m.1.t.3.h.1.l.-1.r.750,periodicity,#664433,compressed
4.039039039039039,95.64798042856266,MaMi.CoDi,mami.codi.m.1.t.3.h.1.l.-1.r.750,periodicity,#664433,compressed
4.054054054054054,95.7468425070836,MaMi.CoDi,mami.codi.m.1.t.3.h.1.l.-1.r.750,periodicity,#664433,compressed
4.069069069069069,95.84965407939303,MaMi.CoDi,mami.codi.m.1.t.3.h.1.l.-1.r.750,periodicity,#664433,compressed
4.084084084084084,95.95532909932662,MaMi.CoDi,mami.codi.m.1.t.3.h.1.l.-1.r.750,periodicity,#664433,compressed
4.099099099099099,96.06272111152195,MaMi.CoDi,mami.codi.m.1.t.3.h.1.l.-1.r.750,periodicity,#664433,compressed
4.114114114114114,96.17062970506538,MaMi.CoDi,mami.codi.m.1.t.3.h.1.l.-1.r.750,periodicity,#664433,compressed
4.129129129129129,96.27780916838087,MaMi.CoDi,mami.codi.m.1.t.3.h.1.l.-1.r.750,periodicity,#664433,compressed
4.1441441441441444,96.38297953629291,MaMi.CoDi,mami.codi.m.1.t.3.h.1.l.-1.r.750,periodicity,#664433,compressed
4.1591591591591595,96.4848400808779,MaMi.CoDi,mami.codi.m.1.t.3.h.1.l.-1.r.750,periodicity,#664433,compressed
4.1741741741741745,96.58208514583339,MaMi.CoDi,mami.codi.m.1.t.3.h.1.l.-1.r.750,periodicity,#664433,compressed
4.1891891891891895,96.67342206893385,MaMi.CoDi,mami.codi.m.1.t.3.h.1.l.-1.r.750,periodicity,#664433,compressed
4.2042042042042045,96.7575907884006,MaMi.CoDi,mami.codi.m.1.t.3.h.1.l.-1.r.750,periodicity,#664433,compressed
4.2192192192192195,96.83338459619011,MaMi.CoDi,mami.codi.m.1.t.3.h.1.l.-1.r.750,periodicity,#664433,compressed
4.2342342342342345,96.89967139298591,MaMi.CoDi,mami.codi.m.1.t.3.h.1.l.-1.r.750,periodicity,#664433,compressed
4.2492492492492495,96.95541472336069,MaMi.CoDi,mami.codi.m.1.t.3.h.1.l.-1.r.750,periodicity,#664433,compressed
4.2642642642642645,96.9996938305784,MaMi.CoDi,mami.codi.m.1.t.3.h.1.l.-1.r.750,periodicity,#664433,compressed
4.2792792792792795,97.03172197199052,MaMi.CoDi,mami.codi.m.1.t.3.h.1.l.-1.r.750,periodicity,#664433,compressed
4.2942942942942945,97.0508622786432,MaMi.CoDi,mami.codi.m.1.t.3.h.1.l.-1.r.750,periodicity,#664433,compressed
4.3093093093093096,97.05664052469676,MaMi.CoDi,mami.codi.m.1.t.3.h.1.l.-1.r.750,periodicity,#664433,compressed
4.324324324324325,97.04875428928189,MaMi.CoDi,mami.codi.m.1.t.3.h.1.l.-1.r.750,periodicity,#664433,compressed
4.33933933933934,97.02707813904146,MaMi.CoDi,mami.codi.m.1.t.3.h.1.l.-1.r.750,periodicity,#664433,compressed
4.354354354354355,96.99166462561125,MaMi.CoDi,mami.codi.m.1.t.3.h.1.l.-1.r.750,periodicity,#664433,compressed
4.36936936936937,96.94274106928745,MaMi.CoDi,mami.codi.m.1.t.3.h.1.l.-1.r.750,periodicity,#664433,compressed
4.384384384384385,96.88070227806946,MaMi.CoDi,mami.codi.m.1.t.3.h.1.l.-1.r.750,periodicity,#664433,compressed
4.3993993993994,96.80609952014115,MaMi.CoDi,mami.codi.m.1.t.3.h.1.l.-1.r.750,periodicity,#664433,compressed
4.414414414414415,96.71962621837936,MaMi.CoDi,mami.codi.m.1.t.3.h.1.l.-1.r.750,periodicity,#664433,compressed
4.42942942942943,96.62210095951681,MaMi.CoDi,mami.codi.m.1.t.3.h.1.l.-1.r.750,periodicity,#664433,compressed
4.444444444444445,96.51444850185409,MaMi.CoDi,mami.codi.m.1.t.3.h.1.l.-1.r.750,periodicity,#664433,compressed
4.45945945945946,96.39767951964215,MaMi.CoDi,mami.codi.m.1.t.3.h.1.l.-1.r.750,periodicity,#664433,compressed
4.474474474474475,96.27286983754504,MaMi.CoDi,mami.codi.m.1.t.3.h.1.l.-1.r.750,periodicity,#664433,compressed
4.48948948948949,96.14113988541781,MaMi.CoDi,mami.codi.m.1.t.3.h.1.l.-1.r.750,periodicity,#664433,compressed
4.504504504504505,96.00363504472605,MaMi.CoDi,mami.codi.m.1.t.3.h.1.l.-1.r.750,periodicity,#664433,compressed
4.51951951951952,95.8615074681001,MaMi.CoDi,mami.codi.m.1.t.3.h.1.l.-1.r.750,periodicity,#664433,compressed
4.534534534534535,95.71589983918795,MaMi.CoDi,mami.codi.m.1.t.3.h.1.l.-1.r.750,periodicity,#664433,compressed
4.54954954954955,95.56793140880227,MaMi.CoDi,mami.codi.m.1.t.3.h.1.l.-1.r.750,periodicity,#664433,compressed
4.564564564564565,95.41868650366271,MaMi.CoDi,mami.codi.m.1.t.3.h.1.l.-1.r.750,periodicity,#664433,compressed
4.57957957957958,95.26920556425823,MaMi.CoDi,mami.codi.m.1.t.3.h.1.l.-1.r.750,periodicity,#664433,compressed
4.594594594594595,95.12047863652222,MaMi.CoDi,mami.codi.m.1.t.3.h.1.l.-1.r.750,periodicity,#664433,compressed
4.60960960960961,94.9734411252731,MaMi.CoDi,mami.codi.m.1.t.3.h.1.l.-1.r.750,periodicity,#664433,compressed
4.624624624624625,94.82897152157325,MaMi.CoDi,mami.codi.m.1.t.3.h.1.l.-1.r.750,periodicity,#664433,compressed
4.63963963963964,94.68789074555663,MaMi.CoDi,mami.codi.m.1.t.3.h.1.l.-1.r.750,periodicity,#664433,compressed
4.654654654654655,94.55096270335007,MaMi.CoDi,mami.codi.m.1.t.3.h.1.l.-1.r.750,periodicity,#664433,compressed
4.66966966966967,94.41889564213146,MaMi.CoDi,mami.codi.m.1.t.3.h.1.l.-1.r.750,periodicity,#664433,compressed
4.684684684684685,94.29234389998697,MaMi.CoDi,mami.codi.m.1.t.3.h.1.l.-1.r.750,periodicity,#664433,compressed
4.6996996996997,94.17190968434385,MaMi.CoDi,mami.codi.m.1.t.3.h.1.l.-1.r.750,periodicity,#664433,compressed
4.714714714714715,94.0581445702828,MaMi.CoDi,mami.codi.m.1.t.3.h.1.l.-1.r.750,periodicity,#664433,compressed
4.72972972972973,93.95155048291375,MaMi.CoDi,mami.codi.m.1.t.3.h.1.l.-1.r.750,periodicity,#664433,compressed
4.744744744744745,93.85258001050155,MaMi.CoDi,mami.codi.m.1.t.3.h.1.l.-1.r.750,periodicity,#664433,compressed
4.75975975975976,93.76163598122142,MaMi.CoDi,mami.codi.m.1.t.3.h.1.l.-1.r.750,periodicity,#664433,compressed
4.774774774774775,93.67907032049789,MaMi.CoDi,mami.codi.m.1.t.3.h.1.l.-1.r.750,periodicity,#664433,compressed
4.78978978978979,93.6051822825356,MaMi.CoDi,mami.codi.m.1.t.3.h.1.l.-1.r.750,periodicity,#664433,compressed
4.804804804804805,93.54021621437246,MaMi.CoDi,mami.codi.m.1.t.3.h.1.l.-1.r.750,periodicity,#664433,compressed
4.81981981981982,93.48435906013208,MaMi.CoDi,mami.codi.m.1.t.3.h.1.l.-1.r.750,periodicity,#664433,compressed
4.834834834834835,93.43773784479157,MaMi.CoDi,mami.codi.m.1.t.3.h.1.l.-1.r.750,periodicity,#664433,compressed
4.84984984984985,93.4004173897154,MaMi.CoDi,mami.codi.m.1.t.3.h.1.l.-1.r.750,periodicity,#664433,compressed
4.864864864864865,93.37239850658331,MaMi.CoDi,mami.codi.m.1.t.3.h.1.l.-1.r.750,periodicity,#664433,compressed
4.87987987987988,93.35361689352806,MaMi.CoDi,mami.codi.m.1.t.3.h.1.l.-1.r.750,periodicity,#664433,compressed
4.894894894894895,93.3439429195674,MaMi.CoDi,mami.codi.m.1.t.3.h.1.l.-1.r.750,periodicity,#664433,compressed
4.90990990990991,93.34318243387699,MaMi.CoDi,mami.codi.m.1.t.3.h.1.l.-1.r.750,periodicity,#664433,compressed
4.924924924924925,93.35107867870661,MaMi.CoDi,mami.codi.m.1.t.3.h.1.l.-1.r.750,periodicity,#664433,compressed
4.93993993993994,93.36731532269233,MaMi.CoDi,mami.codi.m.1.t.3.h.1.l.-1.r.750,periodicity,#664433,compressed
4.954954954954955,93.39152056889404,MaMi.CoDi,mami.codi.m.1.t.3.h.1.l.-1.r.750,periodicity,#664433,compressed
4.96996996996997,93.42327223282632,MaMi.CoDi,mami.codi.m.1.t.3.h.1.l.-1.r.750,periodicity,#664433,compressed
4.984984984984985,93.462103633388935,MaMi.CoDi,mami.codi.m.1.t.3.h.1.l.-1.r.750,periodicity,#664433,compressed
5,93.50751009674983,MaMi.CoDi,mami.codi.m.1.t.3.h.1.l.-1.r.750,periodicity,#664433,compressed
5.015015015015015,93.55895584201619,MaMi.CoDi,mami.codi.m.1.t.3.h.1.l.-1.r.750,periodicity,#664433,compressed
5.03003003003003,93.61588099940334,MaMi.CoDi,mami.codi.m.1.t.3.h.1.l.-1.r.750,periodicity,#664433,compressed
5.045045045045045,93.67770850726829,MaMi.CoDi,mami.codi.m.1.t.3.h.1.l.-1.r.750,periodicity,#664433,compressed
5.06006006006006,93.74385064380984,MaMi.CoDi,mami.codi.m.1.t.3.h.1.l.-1.r.750,periodicity,#664433,compressed
5.075075075075075,93.81371497181595,MaMi.CoDi,mami.codi.m.1.t.3.h.1.l.-1.r.750,periodicity,#664433,compressed
5.09009009009009,93.88670950928599,MaMi.CoDi,mami.codi.m.1.t.3.h.1.l.-1.r.750,periodicity,#664433,compressed
5.105105105105105,93.96224698336059,MaMi.CoDi,mami.codi.m.1.t.3.h.1.l.-1.r.750,periodicity,#664433,compressed
5.12012012012012,94.03974807756812,MaMi.CoDi,mami.codi.m.1.t.3.h.1.l.-1.r.750,periodicity,#664433,compressed
5.135135135135135,94.11864364048475,MaMi.CoDi,mami.codi.m.1.t.3.h.1.l.-1.r.750,periodicity,#664433,compressed
5.15015015015015,94.1983758847566,MaMi.CoDi,mami.codi.m.1.t.3.h.1.l.-1.r.750,periodicity,#664433,compressed
5.165165165165165,94.2783986661995,MaMi.CoDi,mami.codi.m.1.t.3.h.1.l.-1.r.750,periodicity,#664433,compressed
5.18018018018018,94.35817699039741,MaMi.CoDi,mami.codi.m.1.t.3.h.1.l.-1.r.750,periodicity,#664433,compressed
5.195195195195195,94.4371859459736,MaMi.CoDi,mami.codi.m.1.t.3.h.1.l.-1.r.750,periodicity,#664433,compressed
5.21021021021021,94.51490930667298,MaMi.CoDi,mami.codi.m.1.t.3.h.1.l.-1.r.750,periodicity,#664433,compressed
5.225225225225225,94.59083807602606,MaMi.CoDi,mami.codi.m.1.t.3.h.1.l.-1.r.750,periodicity,#664433,compressed
5.24024024024024,94.66446926640783,MaMi.CoDi,mami.codi.m.1.t.3.h.1.l.-1.r.750,periodicity,#664433,compressed
5.255255255255255,94.73530520702033,MaMi.CoDi,mami.codi.m.1.t.3.h.1.l.-1.r.750,periodicity,#664433,compressed
5.27027027027027,94.80285366153916,MaMi.CoDi,mami.codi.m.1.t.3.h.1.l.-1.r.750,periodicity,#664433,compressed
5.285285285285285,94.8666290054547,MaMi.CoDi,mami.codi.m.1.t.3.h.1.l.-1.r.750,periodicity,#664433,compressed
5.3003003003003,94.9261546658696,MaMi.CoDi,mami.codi.m.1.t.3.h.1.l.-1.r.750,periodicity,#664433,compressed
5.315315315315315,94.9809669639853,MaMi.CoDi,mami.codi.m.1.t.3.h.1.l.-1.r.750,periodicity,#664433,compressed
5.33033033033033,95.0306204249131,MaMi.CoDi,mami.codi.m.1.t.3.h.1.l.-1.r.750,periodicity,#664433,compressed
5.345345345345345,95.07469453389714,MaMi.CoDi,mami.codi.m.1.t.3.h.1.l.-1.r.750,periodicity,#664433,compressed
5.36036036036036,95.11280182644172,MaMi.CoDi,mami.codi.m.1.t.3.h.1.l.-1.r.750,periodicity,#664433,compressed
5.375375375375375,95.14459710678906,MaMi.CoDi,mami.codi.m.1.t.3.h.1.l.-1.r.750,periodicity,#664433,compressed
5.39039039039039,95.1697874997155,MaMi.CoDi,mami.codi.m.1.t.3.h.1.l.-1.r.750,periodicity,#664433,compressed
5.405405405405405,95.18814295992371,MaMi.CoDi,mami.codi.m.1.t.3.h.1.l.-1.r.750,periodicity,#664433,compressed
5.42042042042042,95.19950679649304,MaMi.CoDi,mami.codi.m.1.t.3.h.1.l.-1.r.750,periodicity,#664433,compressed
5.435435435435435,95.20380572155139,MaMi.CoDi,mami.codi.m.1.t.3.h.1.l.-1.r.750,periodicity,#664433,compressed
5.45045045045045,95.20105890641892,MaMi.CoDi,mami.codi.m.1.t.3.h.1.l.-1.r.750,periodicity,#664433,compressed
5.465465465465465,95.19138552775792,MaMi.CoDi,mami.codi.m.1.t.3.h.1.l.-1.r.750,periodicity,#664433,compressed
5.48048048048048,95.17501031222997,MaMi.CoDi,mami.codi.m.1.t.3.h.1.l.-1.r.750,periodicity,#664433,compressed
5.495495495495495,95.15226664084804,MaMi.CoDi,mami.codi.m.1.t.3.h.1.l.-1.r.750,periodicity,#664433,compressed
5.51051051051051,95.12359685208334,MaMi.CoDi,mami.codi.m.1.t.3.h.1.l.-1.r.750,periodicity,#664433,compressed
5.525525525525525,95.08954948279461,MaMi.CoDi,mami.codi.m.1.t.3.h.1.l.-1.r.750,periodicity,#664433,compressed
5.54054054054054,95.05077330375485,MaMi.CoDi,mami.codi.m.1.t.3.h.1.l.-1.r.750,periodicity,#664433,compressed
5.555555555555555,95.00800813634312,MaMi.CoDi,mami.codi.m.1.t.3.h.1.l.-1.r.750,periodicity,#664433,compressed
5.57057057057057,94.9620725724171,MaMi.CoDi,mami.codi.m.1.t.3.h.1.l.-1.r.750,periodicity,#664433,compressed
5.585585585585585,94.91384885356146,MaMi.CoDi,mami.codi.m.1.t.3.h.1.l.-1.r.750,periodicity,#664433,compressed
5.6006006006006,94.86426529188404,MaMi.CoDi,mami.codi.m.1.t.3.h.1.l.-1.r.750,periodicity,#664433,compressed
5.615615615615615,94.81427672576281,MaMi.CoDi,mami.codi.m.1.t.3.h.1.l.-1.r.750,periodicity,#664433,compressed
5.63063063063063,94.76484359466359,MaMi.CoDi,mami.codi.m.1.t.3.h.1.l.-1.r.750,periodicity,#664433,compressed
5.645645645645645,94.71691028279075,MaMi.CoDi,mami.codi.m.1.t.3.h.1.l.-1.r.750,periodicity,#664433,compressed
5.66066066066066,94.67138341872173,MaMi.CoDi,mami.codi.m.1.t.3.h.1.l.-1.r.750,periodicity,#664433,compressed
5.675675675675675,94.62911082580044,MaMi.CoDi,mami.codi.m.1.t.3.h.1.l.-1.r.750,periodicity,#664433,compressed
5.6906906906906904,94.59086179603196,MaMi.CoDi,mami.codi.m.1.t.3.h.1.l.-1.r.750,periodicity,#664433,compressed
5.7057057057057055,94.55730931034525,MaMi.CoDi,mami.codi.m.1.t.3.h.1.l.-1.r.750,periodicity,#664433,compressed
5.7207207207207205,94.52901475355695,MaMi.CoDi,mami.codi.m.1.t.3.h.1.l.-1.r.750,periodicity,#664433,compressed
5.7357357357357355,94.5064155776741,MaMi.CoDi,mami.codi.m.1.t.3.h.1.l.-1.r.750,periodicity,#664433,compressed
5.7507507507507505,94.48981625760106,MaMi.CoDi,mami.codi.m.1.t.3.h.1.l.-1.r.750,periodicity,#664433,compressed
5.7657657657657655,94.4793827647111,MaMi.CoDi,mami.codi.m.1.t.3.h.1.l.-1.r.750,periodicity,#664433,compressed
5.7807807807807805,94.47514066200202,MaMi.CoDi,mami.codi.m.1.t.3.h.1.l.-1.r.750,periodicity,#664433,compressed
5.7957957957957955,94.47697680532929,MaMi.CoDi,mami.codi.m.1.t.3.h.1.l.-1.r.750,periodicity,#664433,compressed
5.8108108108108105,94.48464452349303,MaMi.CoDi,mami.codi.m.1.t.3.h.1.l.-1.r.750,periodicity,#664433,compressed
5.8258258258258255,94.49777204986718,MaMi.CoDi,mami.codi.m.1.t.3.h.1.l.-1.r.750,periodicity,#664433,compressed
5.8408408408408405,94.51587389286202,MaMi.CoDi,mami.codi.m.1.t.3.h.1.l.-1.r.750,periodicity,#664433,compressed
5.8558558558558556,94.53836476366662,MaMi.CoDi,mami.codi.m.1.t.3.h.1.l.-1.r.750,periodicity,#664433,compressed
5.870870870870871,94.56457562819935,MaMi.CoDi,mami.codi.m.1.t.3.h.1.l.-1.r.750,periodicity,#664433,compressed
5.885885885885886,94.59377141572352,MaMi.CoDi,mami.codi.m.1.t.3.h.1.l.-1.r.750,periodicity,#664433,compressed
5.900900900900901,94.62516989801591,MaMi.CoDi,mami.codi.m.1.t.3.h.1.l.-1.r.750,periodicity,#664433,compressed
5.915915915915916,94.6579612485957,MaMi.CoDi,mami.codi.m.1.t.3.h.1.l.-1.r.750,periodicity,#664433,compressed
5.930930930930931,94.69132779923157,MaMi.CoDi,mami.codi.m.1.t.3.h.1.l.-1.r.750,periodicity,#664433,compressed
5.945945945945946,94.72446352856205,MaMi.CoDi,mami.codi.m.1.t.3.h.1.l.-1.r.750,periodicity,#664433,compressed
5.960960960960961,94.75659284318753,MaMi.CoDi,mami.codi.m.1.t.3.h.1.l.-1.r.750,periodicity,#664433,compressed
5.975975975975976,94.78698824326402,MaMi.CoDi,mami.codi.m.1.t.3.h.1.l.-1.r.750,periodicity,#664433,compressed
5.990990990990991,94.81498650123146,MaMi.CoDi,mami.codi.m.1.t.3.h.1.l.-1.r.750,periodicity,#664433,compressed
6.006006006006006,94.8400030229984,MaMi.CoDi,mami.codi.m.1.t.3.h.1.l.-1.r.750,periodicity,#664433,compressed
6.021021021021021,94.86154410533852,MaMi.CoDi,mami.codi.m.1.t.3.h.1.l.-1.r.750,periodicity,#664433,compressed
6.036036036036036,94.8792168513956,MaMi.CoDi,mami.codi.m.1.t.3.h.1.l.-1.r.750,periodicity,#664433,compressed
6.051051051051051,94.89273655816798,MaMi.CoDi,mami.codi.m.1.t.3.h.1.l.-1.r.750,periodicity,#664433,compressed
6.066066066066066,94.90193144579861,MaMi.CoDi,mami.codi.m.1.t.3.h.1.l.-1.r.750,periodicity,#664433,compressed
6.081081081081081,94.90674465833642,MaMi.CoDi,mami.codi.m.1.t.3.h.1.l.-1.r.750,periodicity,#664433,compressed
6.096096096096096,94.90723352894894,MaMi.CoDi,mami.codi.m.1.t.3.h.1.l.-1.r.750,periodicity,#664433,compressed
6.111111111111111,94.90356616840592,MaMi.CoDi,mami.codi.m.1.t.3.h.1.l.-1.r.750,periodicity,#664433,compressed
6.126126126126126,94.89601550257736,MaMi.CoDi,mami.codi.m.1.t.3.h.1.l.-1.r.750,periodicity,#664433,compressed
6.141141141141141,94.88495095066102,MaMi.CoDi,mami.codi.m.1.t.3.h.1.l.-1.r.750,periodicity,#664433,compressed
6.156156156156156,94.8708279984557,MaMi.CoDi,mami.codi.m.1.t.3.h.1.l.-1.r.750,periodicity,#664433,compressed
6.171171171171171,94.85417597746117,MaMi.CoDi,mami.codi.m.1.t.3.h.1.l.-1.r.750,periodicity,#664433,compressed
6.186186186186186,94.83558440810694,MaMi.CoDi,mami.codi.m.1.t.3.h.1.l.-1.r.750,periodicity,#664433,compressed
6.201201201201201,94.81568830132794,MaMi.CoDi,mami.codi.m.1.t.3.h.1.l.-1.r.750,periodicity,#664433,compressed
6.216216216216216,94.79515283477339,MaMi.CoDi,mami.codi.m.1.t.3.h.1.l.-1.r.750,periodicity,#664433,compressed
6.231231231231231,94.77465782656594,MaMi.CoDi,mami.codi.m.1.t.3.h.1.l.-1.r.750,periodicity,#664433,compressed
6.246246246246246,94.75488241997324,MaMi.CoDi,mami.codi.m.1.t.3.h.1.l.-1.r.750,periodicity,#664433,compressed
6.261261261261261,94.73649036682144,MaMi.CoDi,mami.codi.m.1.t.3.h.1.l.-1.r.750,periodicity,#664433,compressed
6.276276276276276,94.7201162572118,MaMi.CoDi,mami.codi.m.1.t.3.h.1.l.-1.r.750,periodicity,#664433,compressed
6.291291291291291,94.70635299027875,MaMi.CoDi,mami.codi.m.1.t.3.h.1.l.-1.r.750,periodicity,#664433,compressed
6.306306306306306,94.69574071840081,MaMi.CoDi,mami.codi.m.1.t.3.h.1.l.-1.r.750,periodicity,#664433,compressed
6.321321321321321,94.68875742912019,MaMi.CoDi,mami.codi.m.1.t.3.h.1.l.-1.r.750,periodicity,#664433,compressed
6.336336336336336,94.68581125907855,MaMi.CoDi,mami.codi.m.1.t.3.h.1.l.-1.r.750,periodicity,#664433,compressed
6.351351351351351,94.68723456665992,MaMi.CoDi,mami.codi.m.1.t.3.h.1.l.-1.r.750,periodicity,#664433,compressed
6.366366366366366,94.69327972863107,MaMi.CoDi,mami.codi.m.1.t.3.h.1.l.-1.r.750,periodicity,#664433,compressed
6.381381381381381,94.70411657420307,MaMi.CoDi,mami.codi.m.1.t.3.h.1.l.-1.r.750,periodicity,#664433,compressed
6.396396396396396,94.71983133019206,MaMi.CoDi,mami.codi.m.1.t.3.h.1.l.-1.r.750,periodicity,#664433,compressed
6.411411411411412,94.74042692490178,MaMi.CoDi,mami.codi.m.1.t.3.h.1.l.-1.r.750,periodicity,#664433,compressed
6.426426426426427,94.76582448649856,MaMi.CoDi,mami.codi.m.1.t.3.h.1.l.-1.r.750,periodicity,#664433,compressed
6.441441441441442,94.7958658734334,MaMi.CoDi,mami.codi.m.1.t.3.h.1.l.-1.r.750,periodicity,#664433,compressed
6.456456456456457,94.83031708826002,MaMi.CoDi,mami.codi.m.1.t.3.h.1.l.-1.r.750,periodicity,#664433,compressed
6.471471471471472,94.86887244953789,MaMi.CoDi,mami.codi.m.1.t.3.h.1.l.-1.r.750,periodicity,#664433,compressed
6.486486486486487,94.91115942624825,MaMi.CoDi,mami.codi.m.1.t.3.h.1.l.-1.r.750,periodicity,#664433,compressed
6.501501501501502,94.95674407176288,MaMi.CoDi,mami.codi.m.1.t.3.h.1.l.-1.r.750,periodicity,#664433,compressed
6.516516516516517,95.00513702623762,MaMi.CoDi,mami.codi.m.1.t.3.h.1.l.-1.r.750,periodicity,#664433,compressed
6.531531531531532,95.05580008391136,MaMi.CoDi,mami.codi.m.1.t.3.h.1.l.-1.r.750,periodicity,#664433,compressed
6.546546546546547,95.10815334213098,MaMi.CoDi,mami.codi.m.1.t.3.h.1.l.-1.r.750,periodicity,#664433,compressed
6.561561561561562,95.1615829596647,MaMi.CoDi,mami.codi.m.1.t.3.h.1.l.-1.r.750,periodicity,#664433,compressed
6.576576576576577,95.21544955147094,MaMi.CoDi,mami.codi.m.1.t.3.h.1.l.-1.r.750,periodicity,#664433,compressed
6.591591591591592,95.26909723496769,MaMi.CoDi,mami.codi.m.1.t.3.h.1.l.-1.r.750,periodicity,#664433,compressed
6.606606606606607,95.32186331936805,MaMi.CoDi,mami.codi.m.1.t.3.h.1.l.-1.r.750,periodicity,#664433,compressed
6.621621621621622,95.3730885960814,MaMi.CoDi,mami.codi.m.1.t.3.h.1.l.-1.r.750,periodicity,#664433,compressed
6.636636636636637,95.42212814661862,MaMi.CoDi,mami.codi.m.1.t.3.h.1.l.-1.r.750,periodicity,#664433,compressed
6.651651651651652,95.46836253763401,MaMi.CoDi,mami.codi.m.1.t.3.h.1.l.-1.r.750,periodicity,#664433,compressed
6.666666666666667,95.51120922388749,MaMi.CoDi,mami.codi.m.1.t.3.h.1.l.-1.r.750,periodicity,#664433,compressed
6.681681681681682,95.5501339324726,MaMi.CoDi,mami.codi.m.1.t.3.h.1.l.-1.r.750,periodicity,#664433,compressed
6.696696696696697,95.58466175911005,MaMi.CoDi,mami.codi.m.1.t.3.h.1.l.-1.r.750,periodicity,#664433,compressed
6.711711711711712,95.61438767294403,MaMi.CoDi,mami.codi.m.1.t.3.h.1.l.-1.r.750,periodicity,#664433,compressed
6.726726726726727,95.63898610298735,MaMi.CoDi,mami.codi.m.1.t.3.h.1.l.-1.r.750,periodicity,#664433,compressed
6.741741741741742,95.65821926950542,MaMi.CoDi,mami.codi.m.1.t.3.h.1.l.-1.r.750,periodicity,#664433,compressed
6.756756756756757,95.67194392887212,MaMi.CoDi,mami.codi.m.1.t.3.h.1.l.-1.r.750,periodicity,#664433,compressed
6.771771771771772,95.68011622166249,MaMi.CoDi,mami.codi.m.1.t.3.h.1.l.-1.r.750,periodicity,#664433,compressed
6.786786786786787,95.68279435106321,MaMi.CoDi,mami.codi.m.1.t.3.h.1.l.-1.r.750,periodicity,#664433,compressed
6.801801801801802,95.6801388713367,MaMi.CoDi,mami.codi.m.1.t.3.h.1.l.-1.r.750,periodicity,#664433,compressed
6.816816816816817,95.67241043253198,MaMi.CoDi,mami.codi.m.1.t.3.h.1.l.-1.r.750,periodicity,#664433,compressed
6.831831831831832,95.65996490565546,MaMi.CoDi,mami.codi.m.1.t.3.h.1.l.-1.r.750,periodicity,#664433,compressed
6.846846846846847,95.64324589920695,MaMi.CoDi,mami.codi.m.1.t.3.h.1.l.-1.r.750,periodicity,#664433,compressed
6.861861861861862,95.62277476996921,MaMi.CoDi,mami.codi.m.1.t.3.h.1.l.-1.r.750,periodicity,#664433,compressed
6.876876876876877,95.59913832445423,MaMi.CoDi,mami.codi.m.1.t.3.h.1.l.-1.r.750,periodicity,#664433,compressed
6.891891891891892,95.57297449850041,MaMi.CoDi,mami.codi.m.1.t.3.h.1.l.-1.r.750,periodicity,#664433,compressed
6.906906906906907,95.54495638714165,MaMi.CoDi,mami.codi.m.1.t.3.h.1.l.-1.r.750,periodicity,#664433,compressed
6.921921921921922,95.51577507115732,MaMi.CoDi,mami.codi.m.1.t.3.h.1.l.-1.r.750,periodicity,#664433,compressed
6.936936936936937,95.48612174701616,MaMi.CoDi,mami.codi.m.1.t.3.h.1.l.-1.r.750,periodicity,#664433,compressed
6.951951951951952,95.45666971009585,MaMi.CoDi,mami.codi.m.1.t.3.h.1.l.-1.r.750,periodicity,#664433,compressed
6.966966966966967,95.42805676449625,MaMi.CoDi,mami.codi.m.1.t.3.h.1.l.-1.r.750,periodicity,#664433,compressed
6.981981981981982,95.40086863464016,MaMi.CoDi,mami.codi.m.1.t.3.h.1.l.-1.r.750,periodicity,#664433,compressed
6.996996996996997,95.3756239331479,MaMi.CoDi,mami.codi.m.1.t.3.h.1.l.-1.r.750,periodicity,#664433,compressed
7.012012012012012,95.35276119612664,MaMi.CoDi,mami.codi.m.1.t.3.h.1.l.-1.r.750,periodicity,#664433,compressed
7.027027027027027,95.33262843192274,MaMi.CoDi,mami.codi.m.1.t.3.h.1.l.-1.r.750,periodicity,#664433,compressed
7.042042042042042,95.315475544451,MaMi.CoDi,mami.codi.m.1.t.3.h.1.l.-1.r.750,periodicity,#664433,compressed
7.057057057057057,95.30144989031167,MaMi.CoDi,mami.codi.m.1.t.3.h.1.l.-1.r.750,periodicity,#664433,compressed
7.072072072072072,95.29059511375849,MaMi.CoDi,mami.codi.m.1.t.3.h.1.l.-1.r.750,periodicity,#664433,compressed
7.087087087087087,95.28285327974181,MaMi.CoDi,mami.codi.m.1.t.3.h.1.l.-1.r.750,periodicity,#664433,compressed
7.102102102102102,95.27807019779782,MaMi.CoDi,mami.codi.m.1.t.3.h.1.l.-1.r.750,periodicity,#664433,compressed
7.117117117117117,95.27600370401302,MaMi.CoDi,mami.codi.m.1.t.3.h.1.l.-1.r.750,periodicity,#664433,compressed
7.132132132132132,95.27633455029945,MaMi.CoDi,mami.codi.m.1.t.3.h.1.l.-1.r.750,periodicity,#664433,compressed
7.147147147147147,95.27867944530902,MaMi.CoDi,mami.codi.m.1.t.3.h.1.l.-1.r.750,periodicity,#664433,compressed
7.162162162162162,95.28260570461063,MaMi.CoDi,mami.codi.m.1.t.3.h.1.l.-1.r.750,periodicity,#664433,compressed
7.177177177177177,95.28764690372243,MaMi.CoDi,mami.codi.m.1.t.3.h.1.l.-1.r.750,periodicity,#664433,compressed
7.192192192192192,95.29331888975024,MaMi.CoDi,mami.codi.m.1.t.3.h.1.l.-1.r.750,periodicity,#664433,compressed
7.207207207207207,95.29913549810657,MaMi.CoDi,mami.codi.m.1.t.3.h.1.l.-1.r.750,periodicity,#664433,compressed
7.222222222222222,95.30462334110972,MaMi.CoDi,mami.codi.m.1.t.3.h.1.l.-1.r.750,periodicity,#664433,compressed
7.237237237237237,95.30933508481857,MaMi.CoDi,mami.codi.m.1.t.3.h.1.l.-1.r.750,periodicity,#664433,compressed
7.252252252252252,95.31286070733972,MaMi.CoDi,mami.codi.m.1.t.3.h.1.l.-1.r.750,periodicity,#664433,compressed
7.267267267267267,95.31483633281333,MaMi.CoDi,mami.codi.m.1.t.3.h.1.l.-1.r.750,periodicity,#664433,compressed
7.282282282282282,95.31495035568744,MaMi.CoDi,mami.codi.m.1.t.3.h.1.l.-1.r.750,periodicity,#664433,compressed
7.297297297297297,95.31294670409493,MaMi.CoDi,mami.codi.m.1.t.3.h.1.l.-1.r.750,periodicity,#664433,compressed
7.312312312312312,95.30862523259576,MaMi.CoDi,mami.codi.m.1.t.3.h.1.l.-1.r.750,periodicity,#664433,compressed
7.327327327327327,95.30183937628533,MaMi.CoDi,mami.codi.m.1.t.3.h.1.l.-1.r.750,periodicity,#664433,compressed
7.342342342342342,95.29249133315611,MaMi.CoDi,mami.codi.m.1.t.3.h.1.l.-1.r.750,periodicity,#664433,compressed
7.357357357357357,95.28052516280273,MaMi.CoDi,mami.codi.m.1.t.3.h.1.l.-1.r.750,periodicity,#664433,compressed
7.372372372372372,95.26591829088922,MaMi.CoDi,mami.codi.m.1.t.3.h.1.l.-1.r.750,periodicity,#664433,compressed
7.387387387387387,95.24867198504091,MaMi.CoDi,mami.codi.m.1.t.3.h.1.l.-1.r.750,periodicity,#664433,compressed
7.402402402402402,95.2288014150888,MaMi.CoDi,mami.codi.m.1.t.3.h.1.l.-1.r.750,periodicity,#664433,compressed
7.4174174174174174,95.20632592646773,MaMi.CoDi,mami.codi.m.1.t.3.h.1.l.-1.r.750,periodicity,#664433,compressed
7.4324324324324325,95.18126013932283,MaMi.CoDi,mami.codi.m.1.t.3.h.1.l.-1.r.750,periodicity,#664433,compressed
7.4474474474474475,95.15360643842277,MaMi.CoDi,mami.codi.m.1.t.3.h.1.l.-1.r.750,periodicity,#664433,compressed
7.4624624624624625,95.12334934289237,MaMi.CoDi,mami.codi.m.1.t.3.h.1.l.-1.r.750,periodicity,#664433,compressed
7.4774774774774775,95.09045214406491,MaMi.CoDi,mami.codi.m.1.t.3.h.1.l.-1.r.750,periodicity,#664433,compressed
7.4924924924924925,95.05485607967145,MaMi.CoDi,mami.codi.m.1.t.3.h.1.l.-1.r.750,periodicity,#664433,compressed
7.5075075075075075,95.0164821792961,MaMi.CoDi,mami.codi.m.1.t.3.h.1.l.-1.r.750,periodicity,#664433,compressed
7.5225225225225225,94.97523577625891,MaMi.CoDi,mami.codi.m.1.t.3.h.1.l.-1.r.750,periodicity,#664433,compressed
7.5375375375375375,94.93101354175347,MaMi.CoDi,mami.codi.m.1.t.3.h.1.l.-1.r.750,periodicity,#664433,compressed
7.5525525525525525,94.88371276488338,MaMi.CoDi,mami.codi.m.1.t.3.h.1.l.-1.r.750,periodicity,#664433,compressed
7.5675675675675675,94.83324248341813,MaMi.CoDi,mami.codi.m.1.t.3.h.1.l.-1.r.750,periodicity,#664433,compressed
7.5825825825825826,94.77953596992613,MaMi.CoDi,mami.codi.m.1.t.3.h.1.l.-1.r.750,periodicity,#664433,compressed
7.597597597597598,94.72256400075146,MaMi.CoDi,mami.codi.m.1.t.3.h.1.l.-1.r.750,periodicity,#664433,compressed
7.612612612612613,94.66234828406712,MaMi.CoDi,mami.codi.m.1.t.3.h.1.l.-1.r.750,periodicity,#664433,compressed
7.627627627627628,94.5989743996805,MaMi.CoDi,mami.codi.m.1.t.3.h.1.l.-1.r.750,periodicity,#664433,compressed
7.642642642642643,94.5326036077543,MaMi.CoDi,mami.codi.m.1.t.3.h.1.l.-1.r.750,periodicity,#664433,compressed
7.657657657657658,94.46348291527565,MaMi.CoDi,mami.codi.m.1.t.3.h.1.l.-1.r.750,periodicity,#664433,compressed
7.672672672672673,94.39195284595183,MaMi.CoDi,mami.codi.m.1.t.3.h.1.l.-1.r.750,periodicity,#664433,compressed
7.687687687687688,94.31845243833872,MaMi.CoDi,mami.codi.m.1.t.3.h.1.l.-1.r.750,periodicity,#664433,compressed
7.702702702702703,94.24352109475707,MaMi.CoDi,mami.codi.m.1.t.3.h.1.l.-1.r.750,periodicity,#664433,compressed
7.717717717717718,94.1677970157881,MaMi.CoDi,mami.codi.m.1.t.3.h.1.l.-1.r.750,periodicity,#664433,compressed
7.732732732732733,94.09201207744884,MaMi.CoDi,mami.codi.m.1.t.3.h.1.l.-1.r.750,periodicity,#664433,compressed
7.747747747747748,94.0169831359971,MaMi.CoDi,mami.codi.m.1.t.3.h.1.l.-1.r.750,periodicity,#664433,compressed
7.762762762762763,93.94359987427745,MaMi.CoDi,mami.codi.m.1.t.3.h.1.l.-1.r.750,periodicity,#664433,compressed
7.777777777777778,93.87280942934765,MaMi.CoDi,mami.codi.m.1.t.3.h.1.l.-1.r.750,periodicity,#664433,compressed
7.792792792792793,93.80559815987579,MaMi.CoDi,mami.codi.m.1.t.3.h.1.l.-1.r.750,periodicity,#664433,compressed
7.807807807807808,93.74297101985108,MaMi.CoDi,mami.codi.m.1.t.3.h.1.l.-1.r.750,periodicity,#664433,compressed
7.822822822822823,93.68592909930281,MaMi.CoDi,mami.codi.m.1.t.3.h.1.l.-1.r.750,periodicity,#664433,compressed
7.837837837837838,93.63544597011604,MaMi.CoDi,mami.codi.m.1.t.3.h.1.l.-1.r.750,periodicity,#664433,compressed
7.852852852852853,93.59244353323443,MaMi.CoDi,mami.codi.m.1.t.3.h.1.l.-1.r.750,periodicity,#664433,compressed
7.867867867867868,93.55776810053153,MaMi.CoDi,mami.codi.m.1.t.3.h.1.l.-1.r.750,periodicity,#664433,compressed
7.882882882882883,93.53216745881942,MaMi.CoDi,mami.codi.m.1.t.3.h.1.l.-1.r.750,periodicity,#664433,compressed
7.897897897897898,93.51626965375559,MaMi.CoDi,mami.codi.m.1.t.3.h.1.l.-1.r.750,periodicity,#664433,compressed
7.912912912912913,93.51056419726943,MaMi.CoDi,mami.codi.m.1.t.3.h.1.l.-1.r.750,periodicity,#664433,compressed
7.927927927927928,93.5153863436597,MaMi.CoDi,mami.codi.m.1.t.3.h.1.l.-1.r.750,periodicity,#664433,compressed
7.942942942942943,93.53090499754543,MaMi.CoDi,mami.codi.m.1.t.3.h.1.l.-1.r.750,periodicity,#664433,compressed
7.957957957957958,93.55711471303745,MaMi.CoDi,mami.codi.m.1.t.3.h.1.l.-1.r.750,periodicity,#664433,compressed
7.972972972972973,93.59383212036916,MaMi.CoDi,mami.codi.m.1.t.3.h.1.l.-1.r.750,periodicity,#664433,compressed
7.987987987987988,93.64069697723488,MaMi.CoDi,mami.codi.m.1.t.3.h.1.l.-1.r.750,periodicity,#664433,compressed
8.003003003003004,93.69717789156309,MaMi.CoDi,mami.codi.m.1.t.3.h.1.l.-1.r.750,periodicity,#664433,compressed
8.018018018018019,93.7625826055834,MaMi.CoDi,mami.codi.m.1.t.3.h.1.l.-1.r.750,periodicity,#664433,compressed
8.033033033033034,93.83607257363575,MaMi.CoDi,mami.codi.m.1.t.3.h.1.l.-1.r.750,periodicity,#664433,compressed
8.048048048048049,93.91668141451645,MaMi.CoDi,mami.codi.m.1.t.3.h.1.l.-1.r.750,periodicity,#664433,compressed
8.063063063063064,94.00333667971957,MaMi.CoDi,mami.codi.m.1.t.3.h.1.l.-1.r.750,periodicity,#664433,compressed
8.078078078078079,94.0948842580274,MaMi.CoDi,mami.codi.m.1.t.3.h.1.l.-1.r.750,periodicity,#664433,compressed
8.093093093093094,94.19011464034675,MaMi.CoDi,mami.codi.m.1.t.3.h.1.l.-1.r.750,periodicity,#664433,compressed
8.108108108108109,94.2877902014466,MaMi.CoDi,mami.codi.m.1.t.3.h.1.l.-1.r.750,periodicity,#664433,compressed
8.123123123123124,94.38667262108686,MaMi.CoDi,mami.codi.m.1.t.3.h.1.l.-1.r.750,periodicity,#664433,compressed
8.138138138138139,94.48554956824107,MaMi.CoDi,mami.codi.m.1.t.3.h.1.l.-1.r.750,periodicity,#664433,compressed
8.153153153153154,94.5832598093026,MaMi.CoDi,mami.codi.m.1.t.3.h.1.l.-1.r.750,periodicity,#664433,compressed
8.168168168168169,94.67871597313517,MaMi.CoDi,mami.codi.m.1.t.3.h.1.l.-1.r.750,periodicity,#664433,compressed
8.183183183183184,94.77092430958474,MaMi.CoDi,mami.codi.m.1.t.3.h.1.l.-1.r.750,periodicity,#664433,compressed
8.198198198198199,94.85900090891559,MaMi.CoDi,mami.codi.m.1.t.3.h.1.l.-1.r.750,periodicity,#664433,compressed
8.213213213213214,94.94218400139953,MaMi.CoDi,mami.codi.m.1.t.3.h.1.l.-1.r.750,periodicity,#664433,compressed
8.228228228228229,95.01984212167547,MaMi.CoDi,mami.codi.m.1.t.3.h.1.l.-1.r.750,periodicity,#664433,compressed
8.243243243243244,95.09147809343747,MaMi.CoDi,mami.codi.m.1.t.3.h.1.l.-1.r.750,periodicity,#664433,compressed
8.258258258258259,95.15672895819235,MaMi.CoDi,mami.codi.m.1.t.3.h.1.l.-1.r.750,periodicity,#664433,compressed
8.273273273273274,95.21536212907823,MaMi.CoDi,mami.codi.m.1.t.3.h.1.l.-1.r.750,periodicity,#664433,compressed
8.288288288288289,95.26726818961683,MaMi.CoDi,mami.codi.m.1.t.3.h.1.l.-1.r.750,periodicity,#664433,compressed
8.303303303303304,95.31245087135062,MaMi.CoDi,mami.codi.m.1.t.3.h.1.l.-1.r.750,periodicity,#664433,compressed
8.318318318318319,95.35101482870161,MaMi.CoDi,mami.codi.m.1.t.3.h.1.l.-1.r.750,periodicity,#664433,compressed
8.333333333333334,95.38315188079197,MaMi.CoDi,mami.codi.m.1.t.3.h.1.l.-1.r.750,periodicity,#664433,compressed
8.348348348348349,95.40912640705471,MaMi.CoDi,mami.codi.m.1.t.3.h.1.l.-1.r.750,periodicity,#664433,compressed
8.363363363363364,95.42926056669609,MaMi.CoDi,mami.codi.m.1.t.3.h.1.l.-1.r.750,periodicity,#664433,compressed
8.378378378378379,95.44391996381188,MaMi.CoDi,mami.codi.m.1.t.3.h.1.l.-1.r.750,periodicity,#664433,compressed
8.393393393393394,95.453500304093,MaMi.CoDi,mami.codi.m.1.t.3.h.1.l.-1.r.750,periodicity,#664433,compressed
8.408408408408409,95.4584154908737,MaMi.CoDi,mami.codi.m.1.t.3.h.1.l.-1.r.750,periodicity,#664433,compressed
8.423423423423424,95.45908749401882,MaMi.CoDi,mami.codi.m.1.t.3.h.1.l.-1.r.750,periodicity,#664433,compressed
8.438438438438439,95.45593820164949,MaMi.CoDi,mami.codi.m.1.t.3.h.1.l.-1.r.750,periodicity,#664433,compressed
8.453453453453454,95.44938333899765,MaMi.CoDi,mami.codi.m.1.t.3.h.1.l.-1.r.750,periodicity,#664433,compressed
8.468468468468469,95.43982841753628,MaMi.CoDi,mami.codi.m.1.t.3.h.1.l.-1.r.750,periodicity,#664433,compressed
8.483483483483484,95.42766656716945,MaMi.CoDi,mami.codi.m.1.t.3.h.1.l.-1.r.750,periodicity,#664433,compressed
8.498498498498499,95.41327800995238,MaMi.CoDi,mami.codi.m.1.t.3.h.1.l.-1.r.750,periodicity,#664433,compressed
8.513513513513514,95.39703085967227,MaMi.CoDi,mami.codi.m.1.t.3.h.1.l.-1.r.750,periodicity,#664433,compressed
8.528528528528529,95.37928288046682,MaMi.CoDi,mami.codi.m.1.t.3.h.1.l.-1.r.750,periodicity,#664433,compressed
8.543543543543544,95.36038381083513,MaMi.CoDi,mami.codi.m.1.t.3.h.1.l.-1.r.750,periodicity,#664433,compressed
8.558558558558559,95.34067785691376,MaMi.CoDi,mami.codi.m.1.t.3.h.1.l.-1.r.750,periodicity,#664433,compressed
8.573573573573574,95.32050597935063,MaMi.CoDi,mami.codi.m.1.t.3.h.1.l.-1.r.750,periodicity,#664433,compressed
8.588588588588589,95.30020763899411,MaMi.CoDi,mami.codi.m.1.t.3.h.1.l.-1.r.750,periodicity,#664433,compressed
8.603603603603604,95.28012172438989,MaMi.CoDi,mami.codi.m.1.t.3.h.1.l.-1.r.750,periodicity,#664433,compressed
8.618618618618619,95.2605864545225,MaMi.CoDi,mami.codi.m.1.t.3.h.1.l.-1.r.750,periodicity,#664433,compressed
8.633633633633634,95.24193812866339,MaMi.CoDi,mami.codi.m.1.t.3.h.1.l.-1.r.750,periodicity,#664433,compressed
8.64864864864865,95.22450867676308,MaMi.CoDi,mami.codi.m.1.t.3.h.1.l.-1.r.750,periodicity,#664433,compressed
8.663663663663664,95.20862204384035,MaMi.CoDi,mami.codi.m.1.t.3.h.1.l.-1.r.750,periodicity,#664433,compressed
8.67867867867868,95.19458951596569,MaMi.CoDi,mami.codi.m.1.t.3.h.1.l.-1.r.750,periodicity,#664433,compressed
8.693693693693694,95.18270415994564,MaMi.CoDi,mami.codi.m.1.t.3.h.1.l.-1.r.750,periodicity,#664433,compressed
8.70870870870871,95.17323460081649,MaMi.CoDi,mami.codi.m.1.t.3.h.1.l.-1.r.750,periodicity,#664433,compressed
8.723723723723724,95.16641839862703,MaMi.CoDi,mami.codi.m.1.t.3.h.1.l.-1.r.750,periodicity,#664433,compressed
8.73873873873874,95.16245530772615,MaMi.CoDi,mami.codi.m.1.t.3.h.1.l.-1.r.750,periodicity,#664433,compressed
8.753753753753754,95.16150070769898,MaMi.CoDi,mami.codi.m.1.t.3.h.1.l.-1.r.750,periodicity,#664433,compressed
8.76876876876877,95.16365948603885,MaMi.CoDi,mami.codi.m.1.t.3.h.1.l.-1.r.750,periodicity,#664433,compressed
8.783783783783784,95.16898063017597,MaMi.CoDi,mami.codi.m.1.t.3.h.1.l.-1.r.750,periodicity,#664433,compressed
8.7987987987988,95.17745275284746,MaMi.CoDi,mami.codi.m.1.t.3.h.1.l.-1.r.750,periodicity,#664433,compressed
8.813813813813814,95.18900073269832,MaMi.CoDi,mami.codi.m.1.t.3.h.1.l.-1.r.750,periodicity,#664433,compressed
8.82882882882883,95.2034836044209,MaMi.CoDi,mami.codi.m.1.t.3.h.1.l.-1.r.750,periodicity,#664433,compressed
8.843843843843844,95.22069378269747,MaMi.CoDi,mami.codi.m.1.t.3.h.1.l.-1.r.750,periodicity,#664433,compressed
8.85885885885886,95.2403576546342,MaMi.CoDi,mami.codi.m.1.t.3.h.1.l.-1.r.750,periodicity,#664433,compressed
8.873873873873874,95.26213752882362,MaMi.CoDi,mami.codi.m.1.t.3.h.1.l.-1.r.750,periodicity,#664433,compressed
8.88888888888889,95.28563488782896,MaMi.CoDi,mami.codi.m.1.t.3.h.1.l.-1.r.750,periodicity,#664433,compressed
8.903903903903904,95.31039485629695,MaMi.CoDi,mami.codi.m.1.t.3.h.1.l.-1.r.750,periodicity,#664433,compressed
8.91891891891892,95.33591177007003,MaMi.CoDi,mami.codi.m.1.t.3.h.1.l.-1.r.750,periodicity,#664433,compressed
8.933933933933934,95.36163571291937,MaMi.CoDi,mami.codi.m.1.t.3.h.1.l.-1.r.750,periodicity,#664433,compressed
8.94894894894895,95.3869798766021,MaMi.CoDi,mami.codi.m.1.t.3.h.1.l.-1.r.750,periodicity,#664433,compressed
8.963963963963964,95.41132859608705,MaMi.CoDi,mami.codi.m.1.t.3.h.1.l.-1.r.750,periodicity,#664433,compressed
8.97897897897898,95.43404591379496,MaMi.CoDi,mami.codi.m.1.t.3.h.1.l.-1.r.750,periodicity,#664433,compressed
8.993993993993994,95.45448453308316,MaMi.CoDi,mami.codi.m.1.t.3.h.1.l.-1.r.750,periodicity,#664433,compressed
9.00900900900901,95.47199503034145,MaMi.CoDi,mami.codi.m.1.t.3.h.1.l.-1.r.750,periodicity,#664433,compressed
9.024024024024024,95.48593520531404,MaMi.CoDi,mami.codi.m.1.t.3.h.1.l.-1.r.750,periodicity,#664433,compressed
9.03903903903904,95.49567945915733,MaMi.CoDi,mami.codi.m.1.t.3.h.1.l.-1.r.750,periodicity,#664433,compressed
9.054054054054054,95.5006280979978,MaMi.CoDi,mami.codi.m.1.t.3.h.1.l.-1.r.750,periodicity,#664433,compressed
9.06906906906907,95.50021646553309,MaMi.CoDi,mami.codi.m.1.t.3.h.1.l.-1.r.750,periodicity,#664433,compressed
9.084084084084084,95.49392381097599,MaMi.CoDi,mami.codi.m.1.t.3.h.1.l.-1.r.750,periodicity,#664433,compressed
9.0990990990991,95.48128179837514,MaMi.CoDi,mami.codi.m.1.t.3.h.1.l.-1.r.750,periodicity,#664433,compressed
9.114114114114114,95.46188256038745,MaMi.CoDi,mami.codi.m.1.t.3.h.1.l.-1.r.750,periodicity,#664433,compressed
9.12912912912913,95.4353861946874,MaMi.CoDi,mami.codi.m.1.t.3.h.1.l.-1.r.750,periodicity,#664433,compressed
9.144144144144144,95.40152759541542,MaMi.CoDi,mami.codi.m.1.t.3.h.1.l.-1.r.750,periodicity,#664433,compressed
9.15915915915916,95.36012250663521,MaMi.CoDi,mami.codi.m.1.t.3.h.1.l.-1.r.750,periodicity,#664433,compressed
9.174174174174174,95.31107268101945,MaMi.CoDi,mami.codi.m.1.t.3.h.1.l.-1.r.750,periodicity,#664433,compressed
9.18918918918919,95.25437002619941,MaMi.CoDi,mami.codi.m.1.t.3.h.1.l.-1.r.750,periodicity,#664433,compressed
9.204204204204204,95.19009962455712,MaMi.CoDi,mami.codi.m.1.t.3.h.1.l.-1.r.750,periodicity,#664433,compressed
9.21921921921922,95.1184415205612,MaMi.CoDi,mami.codi.m.1.t.3.h.1.l.-1.r.750,periodicity,#664433,compressed
9.234234234234235,95.03967118361945,MaMi.CoDi,mami.codi.m.1.t.3.h.1.l.-1.r.750,periodicity,#664433,compressed
9.24924924924925,94.95415857394885,MaMi.CoDi,mami.codi.m.1.t.3.h.1.l.-1.r.750,periodicity,#664433,compressed
9.264264264264265,94.86236576389365,MaMi.CoDi,mami.codi.m.1.t.3.h.1.l.-1.r.750,periodicity,#664433,compressed
9.27927927927928,94.76484309671946,MaMi.CoDi,mami.codi.m.1.t.3.h.1.l.-1.r.750,periodicity,#664433,compressed
9.294294294294295,94.6622238981373,MaMi.CoDi,mami.codi.m.1.t.3.h.1.l.-1.r.750,periodicity,#664433,compressed
9.30930930930931,94.55521779126322,MaMi.CoDi,mami.codi.m.1.t.3.h.1.l.-1.r.750,periodicity,#664433,compressed
9.324324324324325,94.44460270183752,MaMi.CoDi,mami.codi.m.1.t.3.h.1.l.-1.r.750,periodicity,#664433,compressed
9.33933933933934,94.3312156756279,MaMi.CoDi,mami.codi.m.1.t.3.h.1.l.-1.r.750,periodicity,#664433,compressed
9.354354354354355,94.21594266237233,MaMi.CoDi,mami.codi.m.1.t.3.h.1.l.-1.r.750,periodicity,#664433,compressed
9.36936936936937,94.09970744885348,MaMi.CoDi,mami.codi.m.1.t.3.h.1.l.-1.r.750,periodicity,#664433,compressed
9.384384384384385,93.98345994644437,MaMi.CoDi,mami.codi.m.1.t.3.h.1.l.-1.r.750,periodicity,#664433,compressed
9.3993993993994,93.86816405473249,MaMi.CoDi,mami.codi.m.1.t.3.h.1.l.-1.r.750,periodicity,#664433,compressed
9.414414414414415,93.754785331987,MaMi.CoDi,mami.codi.m.1.t.3.h.1.l.-1.r.750,periodicity,#664433,compressed
9.42942942942943,93.64427870502855,MaMi.CoDi,mami.codi.m.1.t.3.h.1.l.-1.r.750,periodicity,#664433,compressed
9.444444444444445,93.5375764456067,MaMi.CoDi,mami.codi.m.1.t.3.h.1.l.-1.r.750,periodicity,#664433,compressed
9.45945945945946,93.43557662815495,MaMi.CoDi,mami.codi.m.1.t.3.h.1.l.-1.r.750,periodicity,#664433,compressed
9.474474474474475,93.33913226550942,MaMi.CoDi,mami.codi.m.1.t.3.h.1.l.-1.r.750,periodicity,#664433,compressed
9.48948948948949,93.24904129582202,MaMi.CoDi,mami.codi.m.1.t.3.h.1.l.-1.r.750,periodicity,#664433,compressed
9.504504504504505,93.1660375665772,MaMi.CoDi,mami.codi.m.1.t.3.h.1.l.-1.r.750,periodicity,#664433,compressed
9.51951951951952,93.09078293151263,MaMi.CoDi,mami.codi.m.1.t.3.h.1.l.-1.r.750,periodicity,#664433,compressed
9.534534534534535,93.02386054457314,MaMi.CoDi,mami.codi.m.1.t.3.h.1.l.-1.r.750,periodicity,#664433,compressed
9.54954954954955,92.96576940292296,MaMi.CoDi,mami.codi.m.1.t.3.h.1.l.-1.r.750,periodicity,#664433,compressed
9.564564564564565,92.91692015961964,MaMi.CoDi,mami.codi.m.1.t.3.h.1.l.-1.r.750,periodicity,#664433,compressed
9.57957957957958,92.87763219678976,MaMi.CoDi,mami.codi.m.1.t.3.h.1.l.-1.r.750,periodicity,#664433,compressed
9.594594594594595,92.84813192293596,MaMi.CoDi,mami.codi.m.1.t.3.h.1.l.-1.r.750,periodicity,#664433,compressed
9.60960960960961,92.82855223410729,MaMi.CoDi,mami.codi.m.1.t.3.h.1.l.-1.r.750,periodicity,#664433,compressed
9.624624624624625,92.81893305877213,MaMi.CoDi,mami.codi.m.1.t.3.h.1.l.-1.r.750,periodicity,#664433,compressed
9.63963963963964,92.81922289087115,MaMi.CoDi,mami.codi.m.1.t.3.h.1.l.-1.r.750,periodicity,#664433,compressed
9.654654654654655,92.82928120514096,MaMi.CoDi,mami.codi.m.1.t.3.h.1.l.-1.r.750,periodicity,#664433,compressed
9.66966966966967,92.84888164367986,MaMi.CoDi,mami.codi.m.1.t.3.h.1.l.-1.r.750,periodicity,#664433,compressed
9.684684684684685,92.87771586298874,MaMi.CoDi,mami.codi.m.1.t.3.h.1.l.-1.r.750,periodicity,#664433,compressed
9.6996996996997,92.91539793627418,MaMi.CoDi,mami.codi.m.1.t.3.h.1.l.-1.r.750,periodicity,#664433,compressed
9.714714714714715,92.96146921634443,MaMi.CoDi,mami.codi.m.1.t.3.h.1.l.-1.r.750,periodicity,#664433,compressed
9.72972972972973,93.01540357934329,MaMi.CoDi,mami.codi.m.1.t.3.h.1.l.-1.r.750,periodicity,#664433,compressed
9.744744744744745,93.07661298799145,MaMi.CoDi,mami.codi.m.1.t.3.h.1.l.-1.r.750,periodicity,#664433,compressed
9.75975975975976,93.1444533337502,MaMi.CoDi,mami.codi.m.1.t.3.h.1.l.-1.r.750,periodicity,#664433,compressed
9.774774774774775,93.2182305389659,MaMi.CoDi,mami.codi.m.1.t.3.h.1.l.-1.r.750,periodicity,#664433,compressed
9.78978978978979,93.297206920948,MaMi.CoDi,mami.codi.m.1.t.3.h.1.l.-1.r.750,periodicity,#664433,compressed
9.804804804804805,93.3806078383174,MaMi.CoDi,mami.codi.m.1.t.3.h.1.l.-1.r.750,periodicity,#664433,compressed
9.81981981981982,93.46762865405562,MaMi.CoDi,mami.codi.m.1.t.3.h.1.l.-1.r.750,periodicity,#664433,compressed
9.834834834834835,93.55744205785355,MaMi.CoDi,mami.codi.m.1.t.3.h.1.l.-1.r.750,periodicity,#664433,compressed
9.84984984984985,93.64920579118741,MaMi.CoDi,mami.codi.m.1.t.3.h.1.l.-1.r.750,periodicity,#664433,compressed
9.864864864864865,93.74207081107875,MaMi.CoDi,mami.codi.m.1.t.3.h.1.l.-1.r.750,periodicity,#664433,compressed
9.87987987987988,93.83518991225326,MaMi.CoDi,mami.codi.m.1.t.3.h.1.l.-1.r.750,periodicity,#664433,compressed
9.894894894894895,93.92772680257052,MaMi.CoDi,mami.codi.m.1.t.3.h.1.l.-1.r.750,periodicity,#664433,compressed
9.90990990990991,94.01886559399473,MaMi.CoDi,mami.codi.m.1.t.3.h.1.l.-1.r.750,periodicity,#664433,compressed
9.924924924924925,94.10782063255003,MaMi.CoDi,mami.codi.m.1.t.3.h.1.l.-1.r.750,periodicity,#664433,compressed
9.93993993993994,94.19384654781732,MaMi.CoDi,mami.codi.m.1.t.3.h.1.l.-1.r.750,periodicity,#664433,compressed
9.954954954954955,94.27624835826788,MaMi.CoDi,mami.codi.m.1.t.3.h.1.l.-1.r.750,periodicity,#664433,compressed
9.96996996996997,94.35439142620595,MaMi.CoDi,mami.codi.m.1.t.3.h.1.l.-1.r.750,periodicity,#664433,compressed
9.984984984984985,94.42771101852715,MaMi.CoDi,mami.codi.m.1.t.3.h.1.l.-1.r.750,periodicity,#664433,compressed
10,94.49572120017407,MaMi.CoDi,mami.codi.m.1.t.3.h.1.l.-1.r.750,periodicity,#664433,compressed
10.015015015015015,94.55802276899628,MaMi.CoDi,mami.codi.m.1.t.3.h.1.l.-1.r.750,periodicity,#664433,compressed
10.03003003003003,94.61430993618426,MaMi.CoDi,mami.codi.m.1.t.3.h.1.l.-1.r.750,periodicity,#664433,compressed
10.045045045045045,94.66437546728437,MaMi.CoDi,mami.codi.m.1.t.3.h.1.l.-1.r.750,periodicity,#664433,compressed
10.06006006006006,94.70811402585737,MaMi.CoDi,mami.codi.m.1.t.3.h.1.l.-1.r.750,periodicity,#664433,compressed
10.075075075075075,94.74552350501028,MaMi.CoDi,mami.codi.m.1.t.3.h.1.l.-1.r.750,periodicity,#664433,compressed
10.09009009009009,94.7767041901018,MaMi.CoDi,mami.codi.m.1.t.3.h.1.l.-1.r.750,periodicity,#664433,compressed
10.105105105105105,94.80185566668558,MaMi.CoDi,mami.codi.m.1.t.3.h.1.l.-1.r.750,periodicity,#664433,compressed
10.12012012012012,94.82127146805671,MaMi.CoDi,mami.codi.m.1.t.3.h.1.l.-1.r.750,periodicity,#664433,compressed
10.135135135135135,94.83533154265515,MaMi.CoDi,mami.codi.m.1.t.3.h.1.l.-1.r.750,periodicity,#664433,compressed
10.15015015015015,94.84449270855609,MaMi.CoDi,mami.codi.m.1.t.3.h.1.l.-1.r.750,periodicity,#664433,compressed
10.165165165165165,94.84927734553152,MaMi.CoDi,mami.codi.m.1.t.3.h.1.l.-1.r.750,periodicity,#664433,compressed
10.18018018018018,94.85026064990872,MaMi.CoDi,mami.codi.m.1.t.3.h.1.l.-1.r.750,periodicity,#664433,compressed
10.195195195195195,94.84805683917804,MaMi.CoDi,mami.codi.m.1.t.3.h.1.l.-1.r.750,periodicity,#664433,compressed
10.21021021021021,94.84330473816304,MaMi.CoDi,mami.codi.m.1.t.3.h.1.l.-1.r.750,periodicity,#664433,compressed
10.225225225225225,94.8366532035658,MaMi.CoDi,mami.codi.m.1.t.3.h.1.l.-1.r.750,periodicity,#664433,compressed
10.24024024024024,94.82874684698548,MaMi.CoDi,mami.codi.m.1.t.3.h.1.l.-1.r.750,periodicity,#664433,compressed
10.255255255255255,94.82021249749437,MaMi.CoDi,mami.codi.m.1.t.3.h.1.l.-1.r.750,periodicity,#664433,compressed
10.27027027027027,94.81164680430746,MaMi.CoDi,mami.codi.m.1.t.3.h.1.l.-1.r.750,periodicity,#664433,compressed
10.285285285285285,94.80360532012837,MaMi.CoDi,mami.codi.m.1.t.3.h.1.l.-1.r.750,periodicity,#664433,compressed
10.3003003003003,94.79659332974813,MaMi.CoDi,mami.codi.m.1.t.3.h.1.l.-1.r.750,periodicity,#664433,compressed
10.315315315315315,94.79105860084503,MaMi.CoDi,mami.codi.m.1.t.3.h.1.l.-1.r.750,periodicity,#664433,compressed
10.33033033033033,94.78738613989415,MaMi.CoDi,mami.codi.m.1.t.3.h.1.l.-1.r.750,periodicity,#664433,compressed
10.345345345345345,94.78589494130063,MaMi.CoDi,mami.codi.m.1.t.3.h.1.l.-1.r.750,periodicity,#664433,compressed
10.36036036036036,94.78683662807985,MaMi.CoDi,mami.codi.m.1.t.3.h.1.l.-1.r.750,periodicity,#664433,compressed
10.375375375375375,94.79039580305624,MaMi.CoDi,mami.codi.m.1.t.3.h.1.l.-1.r.750,periodicity,#664433,compressed
10.39039039039039,94.79669186539833,MaMi.CoDi,mami.codi.m.1.t.3.h.1.l.-1.r.750,periodicity,#664433,compressed
10.405405405405405,94.80578200205832,MaMi.CoDi,mami.codi.m.1.t.3.h.1.l.-1.r.750,periodicity,#664433,compressed
10.42042042042042,94.81766503978993,MaMi.CoDi,mami.codi.m.1.t.3.h.1.l.-1.r.750,periodicity,#664433,compressed
10.435435435435435,94.83228584178899,MaMi.CoDi,mami.codi.m.1.t.3.h.1.l.-1.r.750,periodicity,#664433,compressed
10.45045045045045,94.84953995300626,MaMi.CoDi,mami.codi.m.1.t.3.h.1.l.-1.r.750,periodicity,#664433,compressed
10.465465465465465,94.86927823766983,MaMi.CoDi,mami.codi.m.1.t.3.h.1.l.-1.r.750,periodicity,#664433,compressed
10.48048048048048,94.89131130792988,MaMi.CoDi,mami.codi.m.1.t.3.h.1.l.-1.r.750,periodicity,#664433,compressed
10.495495495495495,94.91541360914398,MaMi.CoDi,mami.codi.m.1.t.3.h.1.l.-1.r.750,periodicity,#664433,compressed
10.51051051051051,94.94132709964722,MaMi.CoDi,mami.codi.m.1.t.3.h.1.l.-1.r.750,periodicity,#664433,compressed
10.525525525525525,94.96876453503283,MaMi.CoDi,mami.codi.m.1.t.3.h.1.l.-1.r.750,periodicity,#664433,compressed
10.54054054054054,94.9974124331891,MaMi.CoDi,mami.codi.m.1.t.3.h.1.l.-1.r.750,periodicity,#664433,compressed
10.555555555555555,95.02693385127996,MaMi.CoDi,mami.codi.m.1.t.3.h.1.l.-1.r.750,periodicity,#664433,compressed
10.57057057057057,95.05697114509341,MaMi.CoDi,mami.codi.m.1.t.3.h.1.l.-1.r.750,periodicity,#664433,compressed
10.585585585585585,95.08714890154685,MaMi.CoDi,mami.codi.m.1.t.3.h.1.l.-1.r.750,periodicity,#664433,compressed
10.6006006006006,95.1170772349507,MaMi.CoDi,mami.codi.m.1.t.3.h.1.l.-1.r.750,periodicity,#664433,compressed
10.615615615615615,95.14635561681372,MaMi.CoDi,mami.codi.m.1.t.3.h.1.l.-1.r.750,periodicity,#664433,compressed
10.63063063063063,95.17457736913299,MaMi.CoDi,mami.codi.m.1.t.3.h.1.l.-1.r.750,periodicity,#664433,compressed
10.645645645645645,95.20133489530657,MaMi.CoDi,mami.codi.m.1.t.3.h.1.l.-1.r.750,periodicity,#664433,compressed
10.66066066066066,95.22622565542893,MaMi.CoDi,mami.codi.m.1.t.3.h.1.l.-1.r.750,periodicity,#664433,compressed
10.675675675675675,95.24885881909708,MaMi.CoDi,mami.codi.m.1.t.3.h.1.l.-1.r.750,periodicity,#664433,compressed
10.69069069069069,95.26886245482012,MaMi.CoDi,mami.codi.m.1.t.3.h.1.l.-1.r.750,periodicity,#664433,compressed
10.705705705705705,95.28589104664059,MaMi.CoDi,mami.codi.m.1.t.3.h.1.l.-1.r.750,periodicity,#664433,compressed
10.72072072072072,95.29963307122536,MaMi.CoDi,mami.codi.m.1.t.3.h.1.l.-1.r.750,periodicity,#664433,compressed
10.735735735735735,95.30981832724302,MaMi.CoDi,mami.codi.m.1.t.3.h.1.l.-1.r.750,periodicity,#664433,compressed
10.75075075075075,95.3162246869439,MaMi.CoDi,mami.codi.m.1.t.3.h.1.l.-1.r.750,periodicity,#664433,compressed
10.765765765765765,95.31868393968317,MaMi.CoDi,mami.codi.m.1.t.3.h.1.l.-1.r.750,periodicity,#664433,compressed
10.78078078078078,95.31708641924159,MaMi.CoDi,mami.codi.m.1.t.3.h.1.l.-1.r.750,periodicity,#664433,compressed
10.795795795795796,95.31138415015894,MaMi.CoDi,mami.codi.m.1.t.3.h.1.l.-1.r.750,periodicity,#664433,compressed
10.81081081081081,95.30159231024729,MaMi.CoDi,mami.codi.m.1.t.3.h.1.l.-1.r.750,periodicity,#664433,compressed
10.825825825825826,95.28778888301369,MaMi.CoDi,mami.codi.m.1.t.3.h.1.l.-1.r.750,periodicity,#664433,compressed
10.84084084084084,95.27011245985051,MaMi.CoDi,mami.codi.m.1.t.3.h.1.l.-1.r.750,periodicity,#664433,compressed
10.855855855855856,95.24875824179826,MaMi.CoDi,mami.codi.m.1.t.3.h.1.l.-1.r.750,periodicity,#664433,compressed
10.87087087087087,95.22397237850683,MaMi.CoDi,mami.codi.m.1.t.3.h.1.l.-1.r.750,periodicity,#664433,compressed
10.885885885885886,95.1960448619228,MaMi.CoDi,mami.codi.m.1.t.3.h.1.l.-1.r.750,periodicity,#664433,compressed
10.9009009009009,95.16530125905962,MaMi.CoDi,mami.codi.m.1.t.3.h.1.l.-1.r.750,periodicity,#664433,compressed
10.915915915915916,95.13209361783333,MaMi.CoDi,mami.codi.m.1.t.3.h.1.l.-1.r.750,periodicity,#664433,compressed
10.93093093093093,95.09679090945367,MaMi.CoDi,mami.codi.m.1.t.3.h.1.l.-1.r.750,periodicity,#664433,compressed
10.945945945945946,95.05976937888906,MaMi.CoDi,mami.codi.m.1.t.3.h.1.l.-1.r.750,periodicity,#664433,compressed
10.96096096096096,95.02140316158258,MaMi.CoDi,mami.codi.m.1.t.3.h.1.l.-1.r.750,periodicity,#664433,compressed
10.975975975975976,94.98205549155219,MaMi.CoDi,mami.codi.m.1.t.3.h.1.l.-1.r.750,periodicity,#664433,compressed
10.99099099099099,94.94207077621948,MaMi.CoDi,mami.codi.m.1.t.3.h.1.l.-1.r.750,periodicity,#664433,compressed
11.006006006006006,94.90176775083997,MaMi.CoDi,mami.codi.m.1.t.3.h.1.l.-1.r.750,periodicity,#664433,compressed
11.02102102102102,94.86143385504472,MaMi.CoDi,mami.codi.m.1.t.3.h.1.l.-1.r.750,periodicity,#664433,compressed
11.036036036036036,94.82132090089796,MaMi.CoDi,mami.codi.m.1.t.3.h.1.l.-1.r.750,periodicity,#664433,compressed
11.05105105105105,94.78164203111953,MaMi.CoDi,mami.codi.m.1.t.3.h.1.l.-1.r.750,periodicity,#664433,compressed
11.066066066066066,94.74256990239239,MaMi.CoDi,mami.codi.m.1.t.3.h.1.l.-1.r.750,periodicity,#664433,compressed
11.08108108108108,94.70423597586318,MaMi.CoDi,mami.codi.m.1.t.3.h.1.l.-1.r.750,periodicity,#664433,compressed
11.096096096096096,94.66673075791728,MaMi.CoDi,mami.codi.m.1.t.3.h.1.l.-1.r.750,periodicity,#664433,compressed
11.11111111111111,94.63010481070444,MaMi.CoDi,mami.codi.m.1.t.3.h.1.l.-1.r.750,periodicity,#664433,compressed
11.126126126126126,94.59437034411094,MaMi.CoDi,mami.codi.m.1.t.3.h.1.l.-1.r.750,periodicity,#664433,compressed
11.14114114114114,94.55950320802448,MaMi.CoDi,mami.codi.m.1.t.3.h.1.l.-1.r.750,periodicity,#664433,compressed
11.156156156156156,94.52544512387433,MaMi.CoDi,mami.codi.m.1.t.3.h.1.l.-1.r.750,periodicity,#664433,compressed
11.17117117117117,94.49210602469404,MaMi.CoDi,mami.codi.m.1.t.3.h.1.l.-1.r.750,periodicity,#664433,compressed
11.186186186186186,94.45936640988155,MaMi.CoDi,mami.codi.m.1.t.3.h.1.l.-1.r.750,periodicity,#664433,compressed
11.2012012012012,94.42707966071167,MaMi.CoDi,mami.codi.m.1.t.3.h.1.l.-1.r.750,periodicity,#664433,compressed
11.216216216216216,94.3950743017518,MaMi.CoDi,mami.codi.m.1.t.3.h.1.l.-1.r.750,periodicity,#664433,compressed
11.23123123123123,94.36315622832223,MaMi.CoDi,mami.codi.m.1.t.3.h.1.l.-1.r.750,periodicity,#664433,compressed
11.246246246246246,94.33111094823101,MaMi.CoDi,mami.codi.m.1.t.3.h.1.l.-1.r.750,periodicity,#664433,compressed
11.26126126126126,94.2987059052479,MaMi.CoDi,mami.codi.m.1.t.3.h.1.l.-1.r.750,periodicity,#664433,compressed
11.276276276276276,94.26569296108141,MaMi.CoDi,mami.codi.m.1.t.3.h.1.l.-1.r.750,periodicity,#664433,compressed
11.29129129129129,94.23181111183197,MaMi.CoDi,mami.codi.m.1.t.3.h.1.l.-1.r.750,periodicity,#664433,compressed
11.306306306306306,94.19678950475425,MaMi.CoDi,mami.codi.m.1.t.3.h.1.l.-1.r.750,periodicity,#664433,compressed
11.32132132132132,94.16035080314288,MaMi.CoDi,mami.codi.m.1.t.3.h.1.l.-1.r.750,periodicity,#664433,compressed
11.336336336336336,94.12221492330792,MaMi.CoDi,mami.codi.m.1.t.3.h.1.l.-1.r.750,periodicity,#664433,compressed
11.35135135135135,94.08210314032944,MaMi.CoDi,mami.codi.m.1.t.3.h.1.l.-1.r.750,periodicity,#664433,compressed
11.366366366366366,94.03974253109418,MaMi.CoDi,mami.codi.m.1.t.3.h.1.l.-1.r.750,periodicity,#664433,compressed
11.381381381381381,93.99487069643048,MaMi.CoDi,mami.codi.m.1.t.3.h.1.l.-1.r.750,periodicity,#664433,compressed
11.396396396396396,93.94724068106522,MaMi.CoDi,mami.codi.m.1.t.3.h.1.l.-1.r.750,periodicity,#664433,compressed
11.411411411411411,93.89662599227752,MaMi.CoDi,mami.codi.m.1.t.3.h.1.l.-1.r.750,periodicity,#664433,compressed
11.426426426426426,93.84282560655389,MaMi.CoDi,mami.codi.m.1.t.3.h.1.l.-1.r.750,periodicity,#664433,compressed
11.441441441441441,93.78566884871266,MaMi.CoDi,mami.codi.m.1.t.3.h.1.l.-1.r.750,periodicity,#664433,compressed
11.456456456456456,93.72502002967802,MaMi.CoDi,mami.codi.m.1.t.3.h.1.l.-1.r.750,periodicity,#664433,compressed
11.471471471471471,93.66078273661955,MaMi.CoDi,mami.codi.m.1.t.3.h.1.l.-1.r.750,periodicity,#664433,compressed
11.486486486486486,93.59290368138794,MaMi.CoDi,mami.codi.m.1.t.3.h.1.l.-1.r.750,periodicity,#664433,compressed
11.501501501501501,93.52137602859192,MaMi.CoDi,mami.codi.m.1.t.3.h.1.l.-1.r.750,periodicity,#664433,compressed
11.516516516516516,93.44624214170796,MaMi.CoDi,mami.codi.m.1.t.3.h.1.l.-1.r.750,periodicity,#664433,compressed
11.531531531531531,93.36759570270816,MaMi.CoDi,mami.codi.m.1.t.3.h.1.l.-1.r.750,periodicity,#664433,compressed
11.546546546546546,93.28558317644143,MaMi.CoDi,mami.codi.m.1.t.3.h.1.l.-1.r.750,periodicity,#664433,compressed
11.561561561561561,93.20040460432129,MaMi.CoDi,mami.codi.m.1.t.3.h.1.l.-1.r.750,periodicity,#664433,compressed
11.576576576576576,93.11231372204642,MaMi.CoDi,mami.codi.m.1.t.3.h.1.l.-1.r.750,periodicity,#664433,compressed
11.591591591591591,93.02161740284997,MaMi.CoDi,mami.codi.m.1.t.3.h.1.l.-1.r.750,periodicity,#664433,compressed
11.606606606606606,92.92867443133396,MaMi.CoDi,mami.codi.m.1.t.3.h.1.l.-1.r.750,periodicity,#664433,compressed
11.621621621621621,92.83389361387357,MaMi.CoDi,mami.codi.m.1.t.3.h.1.l.-1.r.750,periodicity,#664433,compressed
11.636636636636636,92.73773123084702,MaMi.CoDi,mami.codi.m.1.t.3.h.1.l.-1.r.750,periodicity,#664433,compressed
11.651651651651651,92.64068783467818,MaMi.CoDi,mami.codi.m.1.t.3.h.1.l.-1.r.750,periodicity,#664433,compressed
11.666666666666666,92.54330439719263,MaMi.CoDi,mami.codi.m.1.t.3.h.1.l.-1.r.750,periodicity,#664433,compressed
11.681681681681681,92.44615781126289,MaMi.CoDi,mami.codi.m.1.t.3.h.1.l.-1.r.750,periodicity,#664433,compressed
11.696696696696696,92.34985575624565,MaMi.CoDi,mami.codi.m.1.t.3.h.1.l.-1.r.750,periodicity,#664433,compressed
11.711711711711711,92.2550309450132,MaMi.CoDi,mami.codi.m.1.t.3.h.1.l.-1.r.750,periodicity,#664433,compressed
11.726726726726726,92.1623347828199,MaMi.CoDi,mami.codi.m.1.t.3.h.1.l.-1.r.750,periodicity,#664433,compressed
11.741741741741741,92.07243048468146,MaMi.CoDi,mami.codi.m.1.t.3.h.1.l.-1.r.750,periodicity,#664433,compressed
11.756756756756756,91.98598571779475,MaMi.CoDi,mami.codi.m.1.t.3.h.1.l.-1.r.750,periodicity,#664433,compressed
11.771771771771771,91.90366485769057,MaMi.CoDi,mami.codi.m.1.t.3.h.1.l.-1.r.750,periodicity,#664433,compressed
11.786786786786786,91.82612096984462,MaMi.CoDi,mami.codi.m.1.t.3.h.1.l.-1.r.750,periodicity,#664433,compressed
11.801801801801801,91.7539876505841,MaMi.CoDi,mami.codi.m.1.t.3.h.1.l.-1.r.750,periodicity,#664433,compressed
11.816816816816816,91.68787088045835,MaMi.CoDi,mami.codi.m.1.t.3.h.1.l.-1.r.750,periodicity,#664433,compressed
11.831831831831831,91.62834105785403,MaMi.CoDi,mami.codi.m.1.t.3.h.1.l.-1.r.750,periodicity,#664433,compressed
11.846846846846846,91.57592538888568,MaMi.CoDi,mami.codi.m.1.t.3.h.1.l.-1.r.750,periodicity,#664433,compressed
11.861861861861861,91.53110081009818,MaMi.CoDi,mami.codi.m.1.t.3.h.1.l.-1.r.750,periodicity,#664433,compressed
11.876876876876876,91.49428761246229,MaMi.CoDi,mami.codi.m.1.t.3.h.1.l.-1.r.750,periodicity,#664433,compressed
11.891891891891891,91.46584391825643,MaMi.CoDi,mami.codi.m.1.t.3.h.1.l.-1.r.750,periodicity,#664433,compressed
11.906906906906906,91.44606113713267,MaMi.CoDi,mami.codi.m.1.t.3.h.1.l.-1.r.750,periodicity,#664433,compressed
11.921921921921921,91.43516049501908,MaMi.CoDi,mami.codi.m.1.t.3.h.1.l.-1.r.750,periodicity,#664433,compressed
11.936936936936936,91.4332906911908,MaMi.CoDi,mami.codi.m.1.t.3.h.1.l.-1.r.750,periodicity,#664433,compressed
11.951951951951951,91.44052669702107,MaMi.CoDi,mami.codi.m.1.t.3.h.1.l.-1.r.750,periodicity,#664433,compressed
11.966966966966966,91.45686966711108,MaMi.CoDi,mami.codi.m.1.t.3.h.1.l.-1.r.750,periodicity,#664433,compressed
11.981981981981981,91.48224789239433,MaMi.CoDi,mami.codi.m.1.t.3.h.1.l.-1.r.750,periodicity,#664433,compressed
11.996996996996996,91.5165186880256,MaMi.CoDi,mami.codi.m.1.t.3.h.1.l.-1.r.750,periodicity,#664433,compressed
12.012012012012011,91.55947107882604,MaMi.CoDi,mami.codi.m.1.t.3.h.1.l.-1.r.750,periodicity,#664433,compressed
12.027027027027026,91.61082912370026,MaMi.CoDi,mami.codi.m.1.t.3.h.1.l.-1.r.750,periodicity,#664433,compressed
12.042042042042041,91.67025570917036,MaMi.CoDi,mami.codi.m.1.t.3.h.1.l.-1.r.750,periodicity,#664433,compressed
12.057057057057056,91.73735664166853,MaMi.CoDi,mami.codi.m.1.t.3.h.1.l.-1.r.750,periodicity,#664433,compressed
12.072072072072071,91.81168487844505,MaMi.CoDi,mami.codi.m.1.t.3.h.1.l.-1.r.750,periodicity,#664433,compressed
12.087087087087086,91.89274475710654,MaMi.CoDi,mami.codi.m.1.t.3.h.1.l.-1.r.750,periodicity,#664433,compressed
12.102102102102101,91.97999611242498,MaMi.CoDi,mami.codi.m.1.t.3.h.1.l.-1.r.750,periodicity,#664433,compressed
12.117117117117116,92.07285820415825,MaMi.CoDi,mami.codi.m.1.t.3.h.1.l.-1.r.750,periodicity,#664433,compressed
12.132132132132131,92.1707134187481,MaMi.CoDi,mami.codi.m.1.t.3.h.1.l.-1.r.750,periodicity,#664433,compressed
12.147147147147146,92.2729107482746,MaMi.CoDi,mami.codi.m.1.t.3.h.1.l.-1.r.750,periodicity,#664433,compressed
12.162162162162161,92.37876908923376,MaMi.CoDi,mami.codi.m.1.t.3.h.1.l.-1.r.750,periodicity,#664433,compressed
12.177177177177176,92.48758043901454,MaMi.CoDi,mami.codi.m.1.t.3.h.1.l.-1.r.750,periodicity,#664433,compressed
12.192192192192191,92.59861309710419,MaMi.CoDi,mami.codi.m.1.t.3.h.1.l.-1.r.750,periodicity,#664433,compressed
12.207207207207206,92.71111499921616,MaMi.CoDi,mami.codi.m.1.t.3.h.1.l.-1.r.750,periodicity,#664433,compressed
12.222222222222221,92.82431732439082,MaMi.CoDi,mami.codi.m.1.t.3.h.1.l.-1.r.750,periodicity,#664433,compressed
12.237237237237236,92.93743851690157,MaMi.CoDi,mami.codi.m.1.t.3.h.1.l.-1.r.750,periodicity,#664433,compressed
12.252252252252251,93.0496888563358,MaMi.CoDi,mami.codi.m.1.t.3.h.1.l.-1.r.750,periodicity,#664433,compressed
12.267267267267266,93.16027569087153,MaMi.CoDi,mami.codi.m.1.t.3.h.1.l.-1.r.750,periodicity,#664433,compressed
12.282282282282281,93.26840942137616,MaMi.CoDi,mami.codi.m.1.t.3.h.1.l.-1.r.750,periodicity,#664433,compressed
12.297297297297296,93.37331028877854,MaMi.CoDi,mami.codi.m.1.t.3.h.1.l.-1.r.750,periodicity,#664433,compressed
12.312312312312311,93.47421597575904,MaMi.CoDi,mami.codi.m.1.t.3.h.1.l.-1.r.750,periodicity,#664433,compressed
12.327327327327327,93.5703899879644,MaMi.CoDi,mami.codi.m.1.t.3.h.1.l.-1.r.750,periodicity,#664433,compressed
12.342342342342342,93.66113073160456,MaMi.CoDi,mami.codi.m.1.t.3.h.1.l.-1.r.750,periodicity,#664433,compressed
12.357357357357357,93.74578115541023,MaMi.CoDi,mami.codi.m.1.t.3.h.1.l.-1.r.750,periodicity,#664433,compressed
12.372372372372372,93.82373877751874,MaMi.CoDi,mami.codi.m.1.t.3.h.1.l.-1.r.750,periodicity,#664433,compressed
12.387387387387387,93.89446587385439,MaMi.CoDi,mami.codi.m.1.t.3.h.1.l.-1.r.750,periodicity,#664433,compressed
12.402402402402402,93.95749956584682,MaMi.CoDi,mami.codi.m.1.t.3.h.1.l.-1.r.750,periodicity,#664433,compressed
12.417417417417417,94.01246151364779,MaMi.CoDi,mami.codi.m.1.t.3.h.1.l.-1.r.750,periodicity,#664433,compressed
12.432432432432432,94.05906689799687,MaMi.CoDi,mami.codi.m.1.t.3.h.1.l.-1.r.750,periodicity,#664433,compressed
12.447447447447447,94.09713236100367,MaMi.CoDi,mami.codi.m.1.t.3.h.1.l.-1.r.750,periodicity,#664433,compressed
12.462462462462462,94.12658257462061,MaMi.CoDi,mami.codi.m.1.t.3.h.1.l.-1.r.750,periodicity,#664433,compressed
12.477477477477477,94.1474551164646,MaMi.CoDi,mami.codi.m.1.t.3.h.1.l.-1.r.750,periodicity,#664433,compressed
12.492492492492492,94.1599033565884,MaMi.CoDi,mami.codi.m.1.t.3.h.1.l.-1.r.750,periodicity,#664433,compressed
12.507507507507507,94.16419709606191,MaMi.CoDi,mami.codi.m.1.t.3.h.1.l.-1.r.750,periodicity,#664433,compressed
12.522522522522522,94.16072074861947,MaMi.CoDi,mami.codi.m.1.t.3.h.1.l.-1.r.750,periodicity,#664433,compressed
12.537537537537537,94.14996891941298,MaMi.CoDi,mami.codi.m.1.t.3.h.1.l.-1.r.750,periodicity,#664433,compressed
12.552552552552552,94.13253930874642,MaMi.CoDi,mami.codi.m.1.t.3.h.1.l.-1.r.750,periodicity,#664433,compressed
12.567567567567567,94.10912295160261,MaMi.CoDi,mami.codi.m.1.t.3.h.1.l.-1.r.750,periodicity,#664433,compressed
12.582582582582582,94.08049189322415,MaMi.CoDi,mami.codi.m.1.t.3.h.1.l.-1.r.750,periodicity,#664433,compressed
12.597597597597597,94.04748449382954,MaMi.CoDi,mami.codi.m.1.t.3.h.1.l.-1.r.750,periodicity,#664433,compressed
12.612612612612612,94.0109886480903,MaMi.CoDi,mami.codi.m.1.t.3.h.1.l.-1.r.750,periodicity,#664433,compressed
12.627627627627627,93.97192329332833,MaMi.CoDi,mami.codi.m.1.t.3.h.1.l.-1.r.750,periodicity,#664433,compressed
12.642642642642642,93.93121866034471,MaMi.CoDi,mami.codi.m.1.t.3.h.1.l.-1.r.750,periodicity,#664433,compressed
12.657657657657657,93.8897957883385,MaMi.CoDi,mami.codi.m.1.t.3.h.1.l.-1.r.750,periodicity,#664433,compressed
12.672672672672672,93.8485458767139,MaMi.CoDi,mami.codi.m.1.t.3.h.1.l.-1.r.750,periodicity,#664433,compressed
12.687687687687687,93.80831007847574,MaMi.CoDi,mami.codi.m.1.t.3.h.1.l.-1.r.750,periodicity,#664433,compressed
12.702702702702702,93.76986034990054,MaMi.CoDi,mami.codi.m.1.t.3.h.1.l.-1.r.750,periodicity,#664433,compressed
12.717717717717717,93.73388195768834,MaMi.CoDi,mami.codi.m.1.t.3.h.1.l.-1.r.750,periodicity,#664433,compressed
12.732732732732732,93.70095820743965,MaMi.CoDi,mami.codi.m.1.t.3.h.1.l.-1.r.750,periodicity,#664433,compressed
12.747747747747747,93.67155789676923,MaMi.CoDi,mami.codi.m.1.t.3.h.1.l.-1.r.750,periodicity,#664433,compressed
12.762762762762762,93.6460259145977,MaMi.CoDi,mami.codi.m.1.t.3.h.1.l.-1.r.750,periodicity,#664433,compressed
12.777777777777777,93.62457730818868,MaMi.CoDi,mami.codi.m.1.t.3.h.1.l.-1.r.750,periodicity,#664433,compressed
12.792792792792792,93.60729502530282,MaMi.CoDi,mami.codi.m.1.t.3.h.1.l.-1.r.750,periodicity,#664433,compressed
12.807807807807807,93.5941314152344,MaMi.CoDi,mami.codi.m.1.t.3.h.1.l.-1.r.750,periodicity,#664433,compressed
12.822822822822824,93.58491344470774,MaMi.CoDi,mami.codi.m.1.t.3.h.1.l.-1.r.750,periodicity,#664433,compressed
12.837837837837839,93.57935145818048,MaMi.CoDi,mami.codi.m.1.t.3.h.1.l.-1.r.750,periodicity,#664433,compressed
12.852852852852854,93.57705119240057,MaMi.CoDi,mami.codi.m.1.t.3.h.1.l.-1.r.750,periodicity,#664433,compressed
12.867867867867869,93.57752864712869,MaMi.CoDi,mami.codi.m.1.t.3.h.1.l.-1.r.750,periodicity,#664433,compressed
12.882882882882884,93.58022732214307,MaMi.CoDi,mami.codi.m.1.t.3.h.1.l.-1.r.750,periodicity,#664433,compressed
12.897897897897899,93.58453725848508,MaMi.CoDi,mami.codi.m.1.t.3.h.1.l.-1.r.750,periodicity,#664433,compressed
12.912912912912914,93.58981527187926,MaMi.CoDi,mami.codi.m.1.t.3.h.1.l.-1.r.750,periodicity,#664433,compressed
12.927927927927929,93.59540573972593,MaMi.CoDi,mami.codi.m.1.t.3.h.1.l.-1.r.750,periodicity,#664433,compressed
12.942942942942944,93.6006613002919,MaMi.CoDi,mami.codi.m.1.t.3.h.1.l.-1.r.750,periodicity,#664433,compressed
12.957957957957959,93.60496284284787,MaMi.CoDi,mami.codi.m.1.t.3.h.1.l.-1.r.750,periodicity,#664433,compressed
12.972972972972974,93.60773820876408,MaMi.CoDi,mami.codi.m.1.t.3.h.1.l.-1.r.750,periodicity,#664433,compressed
12.987987987987989,93.60847908333643,MaMi.CoDi,mami.codi.m.1.t.3.h.1.l.-1.r.750,periodicity,#664433,compressed
13.003003003003004,93.6067556331738,MaMi.CoDi,mami.codi.m.1.t.3.h.1.l.-1.r.750,periodicity,#664433,compressed
13.018018018018019,93.60222853065322,MaMi.CoDi,mami.codi.m.1.t.3.h.1.l.-1.r.750,periodicity,#664433,compressed
13.033033033033034,93.59465810141518,MaMi.CoDi,mami.codi.m.1.t.3.h.1.l.-1.r.750,periodicity,#664433,compressed
13.048048048048049,93.58391042920032,MaMi.CoDi,mami.codi.m.1.t.3.h.1.l.-1.r.750,periodicity,#664433,compressed
13.063063063063064,93.56996035080748,MaMi.CoDi,mami.codi.m.1.t.3.h.1.l.-1.r.750,periodicity,#664433,compressed
13.078078078078079,93.55289136910831,MaMi.CoDi,mami.codi.m.1.t.3.h.1.l.-1.r.750,periodicity,#664433,compressed
13.093093093093094,93.53289260082681,MaMi.CoDi,mami.codi.m.1.t.3.h.1.l.-1.r.750,periodicity,#664433,compressed
13.108108108108109,93.51025295559425,MaMi.CoDi,mami.codi.m.1.t.3.h.1.l.-1.r.750,periodicity,#664433,compressed
13.123123123123124,93.48535281154822,MaMi.CoDi,mami.codi.m.1.t.3.h.1.l.-1.r.750,periodicity,#664433,compressed
13.138138138138139,93.45865350893013,MaMi.CoDi,mami.codi.m.1.t.3.h.1.l.-1.r.750,periodicity,#664433,compressed
13.153153153153154,93.43068502578082,MaMi.CoDi,mami.codi.m.1.t.3.h.1.l.-1.r.750,periodicity,#664433,compressed
13.168168168168169,93.4020322284843,MaMi.CoDi,mami.codi.m.1.t.3.h.1.l.-1.r.750,periodicity,#664433,compressed
13.183183183183184,93.37332010465934,MaMi.CoDi,mami.codi.m.1.t.3.h.1.l.-1.r.750,periodicity,#664433,compressed
13.198198198198199,93.34519838730131,MaMi.CoDi,mami.codi.m.1.t.3.h.1.l.-1.r.750,periodicity,#664433,compressed
13.213213213213214,93.31832596814563,MaMi.CoDi,mami.codi.m.1.t.3.h.1.l.-1.r.750,periodicity,#664433,compressed
13.228228228228229,93.29335547635829,MaMi.CoDi,mami.codi.m.1.t.3.h.1.l.-1.r.750,periodicity,#664433,compressed
13.243243243243244,93.27091836760522,MaMi.CoDi,mami.codi.m.1.t.3.h.1.l.-1.r.750,periodicity,#664433,compressed
13.258258258258259,93.25161083029957,MaMi.CoDi,mami.codi.m.1.t.3.h.1.l.-1.r.750,periodicity,#664433,compressed
13.273273273273274,93.23598077254346,MaMi.CoDi,mami.codi.m.1.t.3.h.1.l.-1.r.750,periodicity,#664433,compressed
13.288288288288289,93.22451610721923,MaMi.CoDi,mami.codi.m.1.t.3.h.1.l.-1.r.750,periodicity,#664433,compressed
13.303303303303304,93.21763450603231,MaMi.CoDi,mami.codi.m.1.t.3.h.1.l.-1.r.750,periodicity,#664433,compressed
13.318318318318319,93.21567474812562,MaMi.CoDi,mami.codi.m.1.t.3.h.1.l.-1.r.750,periodicity,#664433,compressed
13.333333333333334,93.21888974695077,MaMi.CoDi,mami.codi.m.1.t.3.h.1.l.-1.r.750,periodicity,#664433,compressed
13.348348348348349,93.22744130179913,MaMi.CoDi,mami.codi.m.1.t.3.h.1.l.-1.r.750,periodicity,#664433,compressed
13.363363363363364,93.24139658873808,MaMi.CoDi,mami.codi.m.1.t.3.h.1.l.-1.r.750,periodicity,#664433,compressed
13.378378378378379,93.26072638009258,MaMi.CoDi,mami.codi.m.1.t.3.h.1.l.-1.r.750,periodicity,#664433,compressed
13.393393393393394,93.28530496197456,MaMi.CoDi,mami.codi.m.1.t.3.h.1.l.-1.r.750,periodicity,#664433,compressed
13.408408408408409,93.31491170510158,MaMi.CoDi,mami.codi.m.1.t.3.h.1.l.-1.r.750,periodicity,#664433,compressed
13.423423423423424,93.34923423417125,MaMi.CoDi,mami.codi.m.1.t.3.h.1.l.-1.r.750,periodicity,#664433,compressed
13.438438438438439,93.38787313397128,MaMi.CoDi,mami.codi.m.1.t.3.h.1.l.-1.r.750,periodicity,#664433,compressed
13.453453453453454,93.43034812455309,MaMi.CoDi,mami.codi.m.1.t.3.h.1.l.-1.r.750,periodicity,#664433,compressed
13.468468468468469,93.4761056314683,MaMi.CoDi,mami.codi.m.1.t.3.h.1.l.-1.r.750,periodicity,#664433,compressed
13.483483483483484,93.52452766863713,MaMi.CoDi,mami.codi.m.1.t.3.h.1.l.-1.r.750,periodicity,#664433,compressed
13.498498498498499,93.57494193957235,MaMi.CoDi,mami.codi.m.1.t.3.h.1.l.-1.r.750,periodicity,#664433,compressed
13.513513513513514,93.62663304645982,MaMi.CoDi,mami.codi.m.1.t.3.h.1.l.-1.r.750,periodicity,#664433,compressed
13.528528528528529,93.67885467565361,MaMi.CoDi,mami.codi.m.1.t.3.h.1.l.-1.r.750,periodicity,#664433,compressed
13.543543543543544,93.73084260268155,MaMi.CoDi,mami.codi.m.1.t.3.h.1.l.-1.r.750,periodicity,#664433,compressed
13.558558558558559,93.78182833077258,MaMi.CoDi,mami.codi.m.1.t.3.h.1.l.-1.r.750,periodicity,#664433,compressed
13.573573573573574,93.83105314569298,MaMi.CoDi,mami.codi.m.1.t.3.h.1.l.-1.r.750,periodicity,#664433,compressed
13.588588588588589,93.8777823383138,MaMi.CoDi,mami.codi.m.1.t.3.h.1.l.-1.r.750,periodicity,#664433,compressed
13.603603603603604,93.92131931724734,MaMi.CoDi,mami.codi.m.1.t.3.h.1.l.-1.r.750,periodicity,#664433,compressed
13.618618618618619,93.96101930965196,MaMi.CoDi,mami.codi.m.1.t.3.h.1.l.-1.r.750,periodicity,#664433,compressed
13.633633633633634,93.99630233154681,MaMi.CoDi,mami.codi.m.1.t.3.h.1.l.-1.r.750,periodicity,#664433,compressed
13.64864864864865,94.02666510203395,MaMi.CoDi,mami.codi.m.1.t.3.h.1.l.-1.r.750,periodicity,#664433,compressed
13.663663663663664,94.05169158065989,MaMi.CoDi,mami.codi.m.1.t.3.h.1.l.-1.r.750,periodicity,#664433,compressed
13.67867867867868,94.07106182505046,MaMi.CoDi,mami.codi.m.1.t.3.h.1.l.-1.r.750,periodicity,#664433,compressed
13.693693693693694,94.08455889745258,MaMi.CoDi,mami.codi.m.1.t.3.h.1.l.-1.r.750,periodicity,#664433,compressed
13.70870870870871,94.09207359358682,MaMi.CoDi,mami.codi.m.1.t.3.h.1.l.-1.r.750,periodicity,#664433,compressed
13.723723723723724,94.09360682400836,MaMi.CoDi,mami.codi.m.1.t.3.h.1.l.-1.r.750,periodicity,#664433,compressed
13.73873873873874,94.08926954489313,MaMi.CoDi,mami.codi.m.1.t.3.h.1.l.-1.r.750,periodicity,#664433,compressed
13.753753753753754,94.07928020898821,MaMi.CoDi,mami.codi.m.1.t.3.h.1.l.-1.r.750,periodicity,#664433,compressed
13.76876876876877,94.06395978493575,MaMi.CoDi,mami.codi.m.1.t.3.h.1.l.-1.r.750,periodicity,#664433,compressed
13.783783783783784,94.04372447055164,MaMi.CoDi,mami.codi.m.1.t.3.h.1.l.-1.r.750,periodicity,#664433,compressed
13.7987987987988,94.01907629899895,MaMi.CoDi,mami.codi.m.1.t.3.h.1.l.-1.r.750,periodicity,#664433,compressed
13.813813813813814,93.99059190244473,MaMi.CoDi,mami.codi.m.1.t.3.h.1.l.-1.r.750,periodicity,#664433,compressed
13.82882882882883,93.95890975241916,MaMi.CoDi,mami.codi.m.1.t.3.h.1.l.-1.r.750,periodicity,#664433,compressed
13.843843843843844,93.924716237089,MaMi.CoDi,mami.codi.m.1.t.3.h.1.l.-1.r.750,periodicity,#664433,compressed
13.85885885885886,93.88873096121931,MaMi.CoDi,mami.codi.m.1.t.3.h.1.l.-1.r.750,periodicity,#664433,compressed
13.873873873873874,93.85169166393503,MaMi.CoDi,mami.codi.m.1.t.3.h.1.l.-1.r.750,periodicity,#664433,compressed
13.88888888888889,93.8143391427147,MaMi.CoDi,mami.codi.m.1.t.3.h.1.l.-1.r.750,periodicity,#664433,compressed
13.903903903903904,93.77740255056838,MaMi.CoDi,mami.codi.m.1.t.3.h.1.l.-1.r.750,periodicity,#664433,compressed
13.91891891891892,93.74158539917208,MaMi.CoDi,mami.codi.m.1.t.3.h.1.l.-1.r.750,periodicity,#664433,compressed
13.933933933933934,93.70755255666336,MaMi.CoDi,mami.codi.m.1.t.3.h.1.l.-1.r.750,periodicity,#664433,compressed
13.94894894894895,93.67591847813635,MaMi.CoDi,mami.codi.m.1.t.3.h.1.l.-1.r.750,periodicity,#664433,compressed
13.963963963963964,93.64723685310771,MaMi.CoDi,mami.codi.m.1.t.3.h.1.l.-1.r.750,periodicity,#664433,compressed
13.97897897897898,93.62199180077741,MaMi.CoDi,mami.codi.m.1.t.3.h.1.l.-1.r.750,periodicity,#664433,compressed
13.993993993993994,93.60059069386293,MaMi.CoDi,mami.codi.m.1.t.3.h.1.l.-1.r.750,periodicity,#664433,compressed
14.00900900900901,93.58335864760367,MaMi.CoDi,mami.codi.m.1.t.3.h.1.l.-1.r.750,periodicity,#664433,compressed
14.024024024024024,93.5705346739641,MaMi.CoDi,mami.codi.m.1.t.3.h.1.l.-1.r.750,periodicity,#664433,compressed
14.03903903903904,93.56226947290054,MaMi.CoDi,mami.codi.m.1.t.3.h.1.l.-1.r.750,periodicity,#664433,compressed
14.054054054054054,93.55862481275206,MaMi.CoDi,mami.codi.m.1.t.3.h.1.l.-1.r.750,periodicity,#664433,compressed
14.06906906906907,93.55957443941143,MaMi.CoDi,mami.codi.m.1.t.3.h.1.l.-1.r.750,periodicity,#664433,compressed
14.084084084084084,93.56500644729643,MaMi.CoDi,mami.codi.m.1.t.3.h.1.l.-1.r.750,periodicity,#664433,compressed
14.0990990990991,93.57472704209701,MaMi.CoDi,mami.codi.m.1.t.3.h.1.l.-1.r.750,periodicity,#664433,compressed
14.114114114114114,93.58846562340713,MaMi.CoDi,mami.codi.m.1.t.3.h.1.l.-1.r.750,periodicity,#664433,compressed
14.12912912912913,93.60588111226166,MaMi.CoDi,mami.codi.m.1.t.3.h.1.l.-1.r.750,periodicity,#664433,compressed
14.144144144144144,93.62656944217882,MaMi.CoDi,mami.codi.m.1.t.3.h.1.l.-1.r.750,periodicity,#664433,compressed
14.15915915915916,93.65007212100264,MaMi.CoDi,mami.codi.m.1.t.3.h.1.l.-1.r.750,periodicity,#664433,compressed
14.174174174174174,93.67588575382781,MaMi.CoDi,mami.codi.m.1.t.3.h.1.l.-1.r.750,periodicity,#664433,compressed
14.18918918918919,93.703472394605,MaMi.CoDi,mami.codi.m.1.t.3.h.1.l.-1.r.750,periodicity,#664433,compressed
14.204204204204204,93.73227056660089,MaMi.CoDi,mami.codi.m.1.t.3.h.1.l.-1.r.750,periodicity,#664433,compressed
14.21921921921922,93.76170676150136,MaMi.CoDi,mami.codi.m.1.t.3.h.1.l.-1.r.750,periodicity,#664433,compressed
14.234234234234235,93.7912071960416,MaMi.CoDi,mami.codi.m.1.t.3.h.1.l.-1.r.750,periodicity,#664433,compressed
14.24924924924925,93.82020957657551,MaMi.CoDi,mami.codi.m.1.t.3.h.1.l.-1.r.750,periodicity,#664433,compressed
14.264264264264265,93.84817459908199,MaMi.CoDi,mami.codi.m.1.t.3.h.1.l.-1.r.750,periodicity,#664433,compressed
14.27927927927928,93.87459689777663,MaMi.CoDi,mami.codi.m.1.t.3.h.1.l.-1.r.750,periodicity,#664433,compressed
14.294294294294295,93.89901515236978,MaMi.CoDi,mami.codi.m.1.t.3.h.1.l.-1.r.750,periodicity,#664433,compressed
14.30930930930931,93.92102107401608,MaMi.CoDi,mami.codi.m.1.t.3.h.1.l.-1.r.750,periodicity,#664433,compressed
14.324324324324325,93.94026701414467,MaMi.CoDi,mami.codi.m.1.t.3.h.1.l.-1.r.750,periodicity,#664433,compressed
14.33933933933934,93.9564719785946,MaMi.CoDi,mami.codi.m.1.t.3.h.1.l.-1.r.750,periodicity,#664433,compressed
14.354354354354355,93.96942588064378,MaMi.CoDi,mami.codi.m.1.t.3.h.1.l.-1.r.750,periodicity,#664433,compressed
14.36936936936937,93.97899192836117,MaMi.CoDi,mami.codi.m.1.t.3.h.1.l.-1.r.750,periodicity,#664433,compressed
14.384384384384385,93.98510711104949,MaMi.CoDi,mami.codi.m.1.t.3.h.1.l.-1.r.750,periodicity,#664433,compressed
14.3993993993994,93.98778082247306,MaMi.CoDi,mami.codi.m.1.t.3.h.1.l.-1.r.750,periodicity,#664433,compressed
14.414414414414415,93.98709173075561,MaMi.CoDi,mami.codi.m.1.t.3.h.1.l.-1.r.750,periodicity,#664433,compressed
14.42942942942943,93.98318307185794,MaMi.CoDi,mami.codi.m.1.t.3.h.1.l.-1.r.750,periodicity,#664433,compressed
14.444444444444445,93.97625660124197,MaMi.CoDi,mami.codi.m.1.t.3.h.1.l.-1.r.750,periodicity,#664433,compressed
14.45945945945946,93.96656548311722,MaMi.CoDi,mami.codi.m.1.t.3.h.1.l.-1.r.750,periodicity,#664433,compressed
14.474474474474475,93.95440642585856,MaMi.CoDi,mami.codi.m.1.t.3.h.1.l.-1.r.750,periodicity,#664433,compressed
14.48948948948949,93.94011138420102,MaMi.CoDi,mami.codi.m.1.t.3.h.1.l.-1.r.750,periodicity,#664433,compressed
14.504504504504505,93.92403914331096,MaMi.CoDi,mami.codi.m.1.t.3.h.1.l.-1.r.750,periodicity,#664433,compressed
14.51951951951952,93.90656707774704,MaMi.CoDi,mami.codi.m.1.t.3.h.1.l.-1.r.750,periodicity,#664433,compressed
14.534534534534535,93.8880833417718,MaMi.CoDi,mami.codi.m.1.t.3.h.1.l.-1.r.750,periodicity,#664433,compressed
14.54954954954955,93.868979699597,MaMi.CoDi,mami.codi.m.1.t.3.h.1.l.-1.r.750,periodicity,#664433,compressed
14.564564564564565,93.8496451488076,MaMi.CoDi,mami.codi.m.1.t.3.h.1.l.-1.r.750,periodicity,#664433,compressed
14.57957957957958,93.83046043167242,MaMi.CoDi,mami.codi.m.1.t.3.h.1.l.-1.r.750,periodicity,#664433,compressed
14.594594594594595,93.81179347159666,MaMi.CoDi,mami.codi.m.1.t.3.h.1.l.-1.r.750,periodicity,#664433,compressed
14.60960960960961,93.79399571953348,MaMi.CoDi,mami.codi.m.1.t.3.h.1.l.-1.r.750,periodicity,#664433,compressed
14.624624624624625,93.77739935100257,MaMi.CoDi,mami.codi.m.1.t.3.h.1.l.-1.r.750,periodicity,#664433,compressed
14.63963963963964,93.76231522077887,MaMi.CoDi,mami.codi.m.1.t.3.h.1.l.-1.r.750,periodicity,#664433,compressed
14.654654654654655,93.74903146055809,MaMi.CoDi,mami.codi.m.1.t.3.h.1.l.-1.r.750,periodicity,#664433,compressed
14.66966966966967,93.7378125950924,MaMi.CoDi,mami.codi.m.1.t.3.h.1.l.-1.r.750,periodicity,#664433,compressed
14.684684684684685,93.72889905351208,MaMi.CoDi,mami.codi.m.1.t.3.h.1.l.-1.r.750,periodicity,#664433,compressed
14.6996996996997,93.72250696304516,MaMi.CoDi,mami.codi.m.1.t.3.h.1.l.-1.r.750,periodicity,#664433,compressed
14.714714714714715,93.71882812976354,MaMi.CoDi,mami.codi.m.1.t.3.h.1.l.-1.r.750,periodicity,#664433,compressed
14.72972972972973,93.71803013267186,MaMi.CoDi,mami.codi.m.1.t.3.h.1.l.-1.r.750,periodicity,#664433,compressed
14.744744744744745,93.72025648076654,MaMi.CoDi,mami.codi.m.1.t.3.h.1.l.-1.r.750,periodicity,#664433,compressed
14.75975975975976,93.7256268052334,MaMi.CoDi,mami.codi.m.1.t.3.h.1.l.-1.r.750,periodicity,#664433,compressed
14.774774774774775,93.73423707879294,MaMi.CoDi,mami.codi.m.1.t.3.h.1.l.-1.r.750,periodicity,#664433,compressed
14.78978978978979,93.74615986998528,MaMi.CoDi,mami.codi.m.1.t.3.h.1.l.-1.r.750,periodicity,#664433,compressed
14.804804804804805,93.76144465117642,MaMi.CoDi,mami.codi.m.1.t.3.h.1.l.-1.r.750,periodicity,#664433,compressed
14.81981981981982,93.78011818511055,MaMi.CoDi,mami.codi.m.1.t.3.h.1.l.-1.r.750,periodicity,#664433,compressed
14.834834834834835,93.80218501626968,MaMi.CoDi,mami.codi.m.1.t.3.h.1.l.-1.r.750,periodicity,#664433,compressed
14.84984984984985,93.82762809084633,MaMi.CoDi,mami.codi.m.1.t.3.h.1.l.-1.r.750,periodicity,#664433,compressed
14.864864864864865,93.85640952372093,MaMi.CoDi,mami.codi.m.1.t.3.h.1.l.-1.r.750,periodicity,#664433,compressed
14.87987987987988,93.88847152349447,MaMi.CoDi,mami.codi.m.1.t.3.h.1.l.-1.r.750,periodicity,#664433,compressed
14.894894894894895,93.92373747836584,MaMi.CoDi,mami.codi.m.1.t.3.h.1.l.-1.r.750,periodicity,#664433,compressed
14.90990990990991,93.96211319734645,MaMi.CoDi,mami.codi.m.1.t.3.h.1.l.-1.r.750,periodicity,#664433,compressed
14.924924924924925,94.00348829369761,MaMi.CoDi,mami.codi.m.1.t.3.h.1.l.-1.r.750,periodicity,#664433,compressed
14.93993993993994,94.0477376910688,MaMi.CoDi,mami.codi.m.1.t.3.h.1.l.-1.r.750,periodicity,#664433,compressed
14.954954954954955,94.09472322793378,MaMi.CoDi,mami.codi.m.1.t.3.h.1.l.-1.r.750,periodicity,#664433,compressed
14.96996996996997,94.14429533269112,MaMi.CoDi,mami.codi.m.1.t.3.h.1.l.-1.r.750,periodicity,#664433,compressed
14.984984984984985,94.19629474020476,MaMi.CoDi,mami.codi.m.1.t.3.h.1.l.-1.r.750,periodicity,#664433,compressed
15,94.25055422046695,MaMi.CoDi,mami.codi.m.1.t.3.h.1.l.-1.r.750,periodicity,#664433,compressed
